rank,title,main_artist,featured_artists,album,release_date,release_year,genres,languages,composer,anime_title,anime_popularity,screen_work,vtuber,is_original,metric_name,metric_value,metric_unit,listen_count,listen_source,view_count,overall_popularity_score,spotify_track_id,musicbrainz_recording_mbid,isrc,source_url,retrieved_at,source_notes,extra
1,Bit Title,Unknown credited artist,[],Super Meat Boy (super-meat-boy-2015-ps-vita-gamerip),,,"[""video game soundtrack""]","[""und""]",,,,Super Meat Boy,,,khinsider_track_prominence_proxy,44.87251216765023,score_0_100,,,,77.9490048670601,,,,https://downloads.khinsider.com/game-soundtracks/album/super-meat-boy-2015-ps-vita-gamerip,2026-10-05,Track title is taken from KHInsider's soundtrack/gamerip album index. Popularity is an explicitly labelled proxy based on BeatHit game rank and track prominence.,"{""culture_category"":""video_game_music"",""video_game"":""Super Meat Boy"",""game_rank"":1413,""game_association_kind"":""khinsider_game_soundtrack"",""khinsider_album_url"":""https://downloads.khinsider.com/game-soundtracks/album/super-meat-boy-2015-ps-vita-gamerip"",""khinsider_album_title"":""Super Meat Boy (super-meat-boy-2015-ps-vita-gamerip)"",""khinsider_album_kind"":""official_or_gamerip"",""khinsider_album_match_score"":100.0,""relevance_score_100"":100.0,""popularity_score_100"":44.87251216765023,""score_100"":77.9490048670601,""popularity_basis"":""BeatHit master-list game rank plus track position proxy""}"
2,Track 1,Unknown credited artist,[],Super Meat Boy Forever (super-meat-boy-forever-gamerip-2020),,,"[""video game soundtrack""]","[""und""]",,,,Super Meat Boy,,,khinsider_track_prominence_proxy,44.87251216765023,score_0_100,,,,77.9490048670601,,,,https://downloads.khinsider.com/game-soundtracks/album/super-meat-boy-forever-gamerip-2020,2026-10-05,Track title is taken from KHInsider's soundtrack/gamerip album index. Popularity is an explicitly labelled proxy based on BeatHit game rank and track prominence.,"{""culture_category"":""video_game_music"",""video_game"":""Super Meat Boy"",""game_rank"":1413,""game_association_kind"":""khinsider_game_soundtrack"",""khinsider_album_url"":""https://downloads.khinsider.com/game-soundtracks/album/super-meat-boy-forever-gamerip-2020"",""khinsider_album_title"":""Super Meat Boy Forever (super-meat-boy-forever-gamerip-2020)"",""khinsider_album_kind"":""official_or_gamerip"",""khinsider_album_match_score"":100.0,""relevance_score_100"":100.0,""popularity_score_100"":44.87251216765023,""score_100"":77.9490048670601,""popularity_basis"":""BeatHit master-list game rank plus track position proxy""}"
3,Title Screen,Unknown credited artist,[],Super Meat Boy Forever Original Soundtrack (super-meat-boy-forever-original-soundtrack),,,"[""video game soundtrack""]","[""und""]",,,,Super Meat Boy,,,khinsider_track_prominence_proxy,44.87251216765023,score_0_100,,,,77.9490048670601,,,,https://downloads.khinsider.com/game-soundtracks/album/super-meat-boy-forever-original-soundtrack,2026-10-05,Track title is taken from KHInsider's soundtrack/gamerip album index. Popularity is an explicitly labelled proxy based on BeatHit game rank and track prominence.,"{""culture_category"":""video_game_music"",""video_game"":""Super Meat Boy"",""game_rank"":1413,""game_association_kind"":""khinsider_game_soundtrack"",""khinsider_album_url"":""https://downloads.khinsider.com/game-soundtracks/album/super-meat-boy-forever-original-soundtrack"",""khinsider_album_title"":""Super Meat Boy Forever Original Soundtrack (super-meat-boy-forever-original-soundtrack)"",""khinsider_album_kind"":""official_or_gamerip"",""khinsider_album_match_score"":100.0,""relevance_score_100"":100.0,""popularity_score_100"":44.87251216765023,""score_100"":77.9490048670601,""popularity_basis"":""BeatHit master-list game rank plus track position proxy""}"
4,Boy Meats Girl (Intro Movie),Unknown credited artist,[],Super Meat Boy! Digital Special Edition Soundtrack (super-meat-boy-digital-special-edition-soundtrack),,,"[""video game soundtrack""]","[""und""]",,,,Super Meat Boy,,,khinsider_track_prominence_proxy,44.87251216765023,score_0_100,,,,77.9490048670601,,,,https://downloads.khinsider.com/game-soundtracks/album/super-meat-boy-digital-special-edition-soundtrack,2026-10-05,Track title is taken from KHInsider's soundtrack/gamerip album index. Popularity is an explicitly labelled proxy based on BeatHit game rank and track prominence.,"{""culture_category"":""video_game_music"",""video_game"":""Super Meat Boy"",""game_rank"":1413,""game_association_kind"":""khinsider_game_soundtrack"",""khinsider_album_url"":""https://downloads.khinsider.com/game-soundtracks/album/super-meat-boy-digital-special-edition-soundtrack"",""khinsider_album_title"":""Super Meat Boy! Digital Special Edition Soundtrack (super-meat-boy-digital-special-edition-soundtrack)"",""khinsider_album_kind"":""official_or_gamerip"",""khinsider_album_match_score"":100.0,""relevance_score_100"":100.0,""popularity_score_100"":44.87251216765023,""score_100"":77.9490048670601,""popularity_basis"":""BeatHit master-list game rank plus track position proxy""}"
5,Alt Factory,Unknown credited artist,[],Super Meat Boy (super-meat-boy-2015-ps-vita-gamerip),,,"[""video game soundtrack""]","[""und""]",,,,Super Meat Boy,,,khinsider_track_prominence_proxy,44.66251216765022,score_0_100,,,,77.8650048670601,,,,https://downloads.khinsider.com/game-soundtracks/album/super-meat-boy-2015-ps-vita-gamerip,2026-10-05,Track title is taken from KHInsider's soundtrack/gamerip album index. Popularity is an explicitly labelled proxy based on BeatHit game rank and track prominence.,"{""culture_category"":""video_game_music"",""video_game"":""Super Meat Boy"",""game_rank"":1413,""game_association_kind"":""khinsider_game_soundtrack"",""khinsider_album_url"":""https://downloads.khinsider.com/game-soundtracks/album/super-meat-boy-2015-ps-vita-gamerip"",""khinsider_album_title"":""Super Meat Boy (super-meat-boy-2015-ps-vita-gamerip)"",""khinsider_album_kind"":""official_or_gamerip"",""khinsider_album_match_score"":100.0,""relevance_score_100"":100.0,""popularity_score_100"":44.66251216765022,""score_100"":77.8650048670601,""popularity_basis"":""BeatHit master-list game rank plus track position proxy""}"
6,Track 2,Unknown credited artist,[],Super Meat Boy Forever (super-meat-boy-forever-gamerip-2020),,,"[""video game soundtrack""]","[""und""]",,,,Super Meat Boy,,,khinsider_track_prominence_proxy,44.66251216765022,score_0_100,,,,77.8650048670601,,,,https://downloads.khinsider.com/game-soundtracks/album/super-meat-boy-forever-gamerip-2020,2026-10-05,Track title is taken from KHInsider's soundtrack/gamerip album index. Popularity is an explicitly labelled proxy based on BeatHit game rank and track prominence.,"{""culture_category"":""video_game_music"",""video_game"":""Super Meat Boy"",""game_rank"":1413,""game_association_kind"":""khinsider_game_soundtrack"",""khinsider_album_url"":""https://downloads.khinsider.com/game-soundtracks/album/super-meat-boy-forever-gamerip-2020"",""khinsider_album_title"":""Super Meat Boy Forever (super-meat-boy-forever-gamerip-2020)"",""khinsider_album_kind"":""official_or_gamerip"",""khinsider_album_match_score"":100.0,""relevance_score_100"":100.0,""popularity_score_100"":44.66251216765022,""score_100"":77.8650048670601,""popularity_basis"":""BeatHit master-list game rank plus track position proxy""}"
7,Marionette,Unknown credited artist,[],Super Meat Boy Forever Original Soundtrack (super-meat-boy-forever-original-soundtrack),,,"[""video game soundtrack""]","[""und""]",,,,Super Meat Boy,,,khinsider_track_prominence_proxy,44.66251216765022,score_0_100,,,,77.8650048670601,,,,https://downloads.khinsider.com/game-soundtracks/album/super-meat-boy-forever-original-soundtrack,2026-10-05,Track title is taken from KHInsider's soundtrack/gamerip album index. Popularity is an explicitly labelled proxy based on BeatHit game rank and track prominence.,"{""culture_category"":""video_game_music"",""video_game"":""Super Meat Boy"",""game_rank"":1413,""game_association_kind"":""khinsider_game_soundtrack"",""khinsider_album_url"":""https://downloads.khinsider.com/game-soundtracks/album/super-meat-boy-forever-original-soundtrack"",""khinsider_album_title"":""Super Meat Boy Forever Original Soundtrack (super-meat-boy-forever-original-soundtrack)"",""khinsider_album_kind"":""official_or_gamerip"",""khinsider_album_match_score"":100.0,""relevance_score_100"":100.0,""popularity_score_100"":44.66251216765022,""score_100"":77.8650048670601,""popularity_basis"":""BeatHit master-list game rank plus track position proxy""}"
8,Super Meat Boy! (Main Theme),Unknown credited artist,[],Super Meat Boy! Digital Special Edition Soundtrack (super-meat-boy-digital-special-edition-soundtrack),,,"[""video game soundtrack""]","[""und""]",,,,Super Meat Boy,,,khinsider_track_prominence_proxy,44.66251216765022,score_0_100,,,,77.8650048670601,,,,https://downloads.khinsider.com/game-soundtracks/album/super-meat-boy-digital-special-edition-soundtrack,2026-10-05,Track title is taken from KHInsider's soundtrack/gamerip album index. Popularity is an explicitly labelled proxy based on BeatHit game rank and track prominence.,"{""culture_category"":""video_game_music"",""video_game"":""Super Meat Boy"",""game_rank"":1413,""game_association_kind"":""khinsider_game_soundtrack"",""khinsider_album_url"":""https://downloads.khinsider.com/game-soundtracks/album/super-meat-boy-digital-special-edition-soundtrack"",""khinsider_album_title"":""Super Meat Boy! Digital Special Edition Soundtrack (super-meat-boy-digital-special-edition-soundtrack)"",""khinsider_album_kind"":""official_or_gamerip"",""khinsider_album_match_score"":100.0,""relevance_score_100"":100.0,""popularity_score_100"":44.66251216765022,""score_100"":77.8650048670601,""popularity_basis"":""BeatHit master-list game rank plus track position proxy""}"
9,B Girl,Unknown credited artist,[],Super Meat Boy (super-meat-boy-2015-ps-vita-gamerip),,,"[""video game soundtrack""]","[""und""]",,,,Super Meat Boy,,,khinsider_track_prominence_proxy,44.45251216765023,score_0_100,,,,77.78100486706009,,,,https://downloads.khinsider.com/game-soundtracks/album/super-meat-boy-2015-ps-vita-gamerip,2026-10-05,Track title is taken from KHInsider's soundtrack/gamerip album index. Popularity is an explicitly labelled proxy based on BeatHit game rank and track prominence.,"{""culture_category"":""video_game_music"",""video_game"":""Super Meat Boy"",""game_rank"":1413,""game_association_kind"":""khinsider_game_soundtrack"",""khinsider_album_url"":""https://downloads.khinsider.com/game-soundtracks/album/super-meat-boy-2015-ps-vita-gamerip"",""khinsider_album_title"":""Super Meat Boy (super-meat-boy-2015-ps-vita-gamerip)"",""khinsider_album_kind"":""official_or_gamerip"",""khinsider_album_match_score"":100.0,""relevance_score_100"":100.0,""popularity_score_100"":44.45251216765023,""score_100"":77.78100486706009,""popularity_basis"":""BeatHit master-list game rank plus track position proxy""}"
10,Track 3,Unknown credited artist,[],Super Meat Boy Forever (super-meat-boy-forever-gamerip-2020),,,"[""video game soundtrack""]","[""und""]",,,,Super Meat Boy,,,khinsider_track_prominence_proxy,44.45251216765023,score_0_100,,,,77.78100486706009,,,,https://downloads.khinsider.com/game-soundtracks/album/super-meat-boy-forever-gamerip-2020,2026-10-05,Track title is taken from KHInsider's soundtrack/gamerip album index. Popularity is an explicitly labelled proxy based on BeatHit game rank and track prominence.,"{""culture_category"":""video_game_music"",""video_game"":""Super Meat Boy"",""game_rank"":1413,""game_association_kind"":""khinsider_game_soundtrack"",""khinsider_album_url"":""https://downloads.khinsider.com/game-soundtracks/album/super-meat-boy-forever-gamerip-2020"",""khinsider_album_title"":""Super Meat Boy Forever (super-meat-boy-forever-gamerip-2020)"",""khinsider_album_kind"":""official_or_gamerip"",""khinsider_album_match_score"":100.0,""relevance_score_100"":100.0,""popularity_score_100"":44.45251216765023,""score_100"":77.78100486706009,""popularity_basis"":""BeatHit master-list game rank plus track position proxy""}"
11,Sex and Violins - Forest Light World,Unknown credited artist,[],Super Meat Boy Forever Original Soundtrack (super-meat-boy-forever-original-soundtrack),,,"[""video game soundtrack""]","[""und""]",,,,Super Meat Boy,,,khinsider_track_prominence_proxy,44.45251216765023,score_0_100,,,,77.78100486706009,,,,https://downloads.khinsider.com/game-soundtracks/album/super-meat-boy-forever-original-soundtrack,2026-10-05,Track title is taken from KHInsider's soundtrack/gamerip album index. Popularity is an explicitly labelled proxy based on BeatHit game rank and track prominence.,"{""culture_category"":""video_game_music"",""video_game"":""Super Meat Boy"",""game_rank"":1413,""game_association_kind"":""khinsider_game_soundtrack"",""khinsider_album_url"":""https://downloads.khinsider.com/game-soundtracks/album/super-meat-boy-forever-original-soundtrack"",""khinsider_album_title"":""Super Meat Boy Forever Original Soundtrack (super-meat-boy-forever-original-soundtrack)"",""khinsider_album_kind"":""official_or_gamerip"",""khinsider_album_match_score"":100.0,""relevance_score_100"":100.0,""popularity_score_100"":44.45251216765023,""score_100"":77.78100486706009,""popularity_basis"":""BeatHit master-list game rank plus track position proxy""}"
12,Forest Funk (Ch 1 Light World),Unknown credited artist,[],Super Meat Boy! Digital Special Edition Soundtrack (super-meat-boy-digital-special-edition-soundtrack),,,"[""video game soundtrack""]","[""und""]",,,,Super Meat Boy,,,khinsider_track_prominence_proxy,44.45251216765023,score_0_100,,,,77.78100486706009,,,,https://downloads.khinsider.com/game-soundtracks/album/super-meat-boy-digital-special-edition-soundtrack,2026-10-05,Track title is taken from KHInsider's soundtrack/gamerip album index. Popularity is an explicitly labelled proxy based on BeatHit game rank and track prominence.,"{""culture_category"":""video_game_music"",""video_game"":""Super Meat Boy"",""game_rank"":1413,""game_association_kind"":""khinsider_game_soundtrack"",""khinsider_album_url"":""https://downloads.khinsider.com/game-soundtracks/album/super-meat-boy-digital-special-edition-soundtrack"",""khinsider_album_title"":""Super Meat Boy! Digital Special Edition Soundtrack (super-meat-boy-digital-special-edition-soundtrack)"",""khinsider_album_kind"":""official_or_gamerip"",""khinsider_album_match_score"":100.0,""relevance_score_100"":100.0,""popularity_score_100"":44.45251216765023,""score_100"":77.78100486706009,""popularity_basis"":""BeatHit master-list game rank plus track position proxy""}"
13,B Girl Dark,Unknown credited artist,[],Super Meat Boy (super-meat-boy-2015-ps-vita-gamerip),,,"[""video game soundtrack""]","[""und""]",,,,Super Meat Boy,,,khinsider_track_prominence_proxy,44.242512167650226,score_0_100,,,,77.69700486706009,,,,https://downloads.khinsider.com/game-soundtracks/album/super-meat-boy-2015-ps-vita-gamerip,2026-10-05,Track title is taken from KHInsider's soundtrack/gamerip album index. Popularity is an explicitly labelled proxy based on BeatHit game rank and track prominence.,"{""culture_category"":""video_game_music"",""video_game"":""Super Meat Boy"",""game_rank"":1413,""game_association_kind"":""khinsider_game_soundtrack"",""khinsider_album_url"":""https://downloads.khinsider.com/game-soundtracks/album/super-meat-boy-2015-ps-vita-gamerip"",""khinsider_album_title"":""Super Meat Boy (super-meat-boy-2015-ps-vita-gamerip)"",""khinsider_album_kind"":""official_or_gamerip"",""khinsider_album_match_score"":100.0,""relevance_score_100"":100.0,""popularity_score_100"":44.242512167650226,""score_100"":77.69700486706009,""popularity_basis"":""BeatHit master-list game rank plus track position proxy""}"
14,Track 4,Unknown credited artist,[],Super Meat Boy Forever (super-meat-boy-forever-gamerip-2020),,,"[""video game soundtrack""]","[""und""]",,,,Super Meat Boy,,,khinsider_track_prominence_proxy,44.242512167650226,score_0_100,,,,77.69700486706009,,,,https://downloads.khinsider.com/game-soundtracks/album/super-meat-boy-forever-gamerip-2020,2026-10-05,Track title is taken from KHInsider's soundtrack/gamerip album index. Popularity is an explicitly labelled proxy based on BeatHit game rank and track prominence.,"{""culture_category"":""video_game_music"",""video_game"":""Super Meat Boy"",""game_rank"":1413,""game_association_kind"":""khinsider_game_soundtrack"",""khinsider_album_url"":""https://downloads.khinsider.com/game-soundtracks/album/super-meat-boy-forever-gamerip-2020"",""khinsider_album_title"":""Super Meat Boy Forever (super-meat-boy-forever-gamerip-2020)"",""khinsider_album_kind"":""official_or_gamerip"",""khinsider_album_match_score"":100.0,""relevance_score_100"":100.0,""popularity_score_100"":44.242512167650226,""score_100"":77.69700486706009,""popularity_basis"":""BeatHit master-list game rank plus track position proxy""}"
15,Beef Flat - Forest Dark World,Unknown credited artist,[],Super Meat Boy Forever Original Soundtrack (super-meat-boy-forever-original-soundtrack),,,"[""video game soundtrack""]","[""und""]",,,,Super Meat Boy,,,khinsider_track_prominence_proxy,44.242512167650226,score_0_100,,,,77.69700486706009,,,,https://downloads.khinsider.com/game-soundtracks/album/super-meat-boy-forever-original-soundtrack,2026-10-05,Track title is taken from KHInsider's soundtrack/gamerip album index. Popularity is an explicitly labelled proxy based on BeatHit game rank and track prominence.,"{""culture_category"":""video_game_music"",""video_game"":""Super Meat Boy"",""game_rank"":1413,""game_association_kind"":""khinsider_game_soundtrack"",""khinsider_album_url"":""https://downloads.khinsider.com/game-soundtracks/album/super-meat-boy-forever-original-soundtrack"",""khinsider_album_title"":""Super Meat Boy Forever Original Soundtrack (super-meat-boy-forever-original-soundtrack)"",""khinsider_album_kind"":""official_or_gamerip"",""khinsider_album_match_score"":100.0,""relevance_score_100"":100.0,""popularity_score_100"":44.242512167650226,""score_100"":77.69700486706009,""popularity_basis"":""BeatHit master-list game rank plus track position proxy""}"
16,Ballad of the Burning Squirrel (Ch 1 Dark World),Unknown credited artist,[],Super Meat Boy! Digital Special Edition Soundtrack (super-meat-boy-digital-special-edition-soundtrack),,,"[""video game soundtrack""]","[""und""]",,,,Super Meat Boy,,,khinsider_track_prominence_proxy,44.242512167650226,score_0_100,,,,77.69700486706009,,,,https://downloads.khinsider.com/game-soundtracks/album/super-meat-boy-digital-special-edition-soundtrack,2026-10-05,Track title is taken from KHInsider's soundtrack/gamerip album index. Popularity is an explicitly labelled proxy based on BeatHit game rank and track prominence.,"{""culture_category"":""video_game_music"",""video_game"":""Super Meat Boy"",""game_rank"":1413,""game_association_kind"":""khinsider_game_soundtrack"",""khinsider_album_url"":""https://downloads.khinsider.com/game-soundtracks/album/super-meat-boy-digital-special-edition-soundtrack"",""khinsider_album_title"":""Super Meat Boy! Digital Special Edition Soundtrack (super-meat-boy-digital-special-edition-soundtrack)"",""khinsider_album_kind"":""official_or_gamerip"",""khinsider_album_match_score"":100.0,""relevance_score_100"":100.0,""popularity_score_100"":44.242512167650226,""score_100"":77.69700486706009,""popularity_basis"":""BeatHit master-list game rank plus track position proxy""}"
17,B Menu,Unknown credited artist,[],Super Meat Boy (super-meat-boy-2015-ps-vita-gamerip),,,"[""video game soundtrack""]","[""und""]",,,,Super Meat Boy,,,khinsider_track_prominence_proxy,44.032512167650225,score_0_100,,,,77.61300486706008,,,,https://downloads.khinsider.com/game-soundtracks/album/super-meat-boy-2015-ps-vita-gamerip,2026-10-05,Track title is taken from KHInsider's soundtrack/gamerip album index. Popularity is an explicitly labelled proxy based on BeatHit game rank and track prominence.,"{""culture_category"":""video_game_music"",""video_game"":""Super Meat Boy"",""game_rank"":1413,""game_association_kind"":""khinsider_game_soundtrack"",""khinsider_album_url"":""https://downloads.khinsider.com/game-soundtracks/album/super-meat-boy-2015-ps-vita-gamerip"",""khinsider_album_title"":""Super Meat Boy (super-meat-boy-2015-ps-vita-gamerip)"",""khinsider_album_kind"":""official_or_gamerip"",""khinsider_album_match_score"":100.0,""relevance_score_100"":100.0,""popularity_score_100"":44.032512167650225,""score_100"":77.61300486706008,""popularity_basis"":""BeatHit master-list game rank plus track position proxy""}"
18,Track 5,Unknown credited artist,[],Super Meat Boy Forever (super-meat-boy-forever-gamerip-2020),,,"[""video game soundtrack""]","[""und""]",,,,Super Meat Boy,,,khinsider_track_prominence_proxy,44.032512167650225,score_0_100,,,,77.61300486706008,,,,https://downloads.khinsider.com/game-soundtracks/album/super-meat-boy-forever-gamerip-2020,2026-10-05,Track title is taken from KHInsider's soundtrack/gamerip album index. Popularity is an explicitly labelled proxy based on BeatHit game rank and track prominence.,"{""culture_category"":""video_game_music"",""video_game"":""Super Meat Boy"",""game_rank"":1413,""game_association_kind"":""khinsider_game_soundtrack"",""khinsider_album_url"":""https://downloads.khinsider.com/game-soundtracks/album/super-meat-boy-forever-gamerip-2020"",""khinsider_album_title"":""Super Meat Boy Forever (super-meat-boy-forever-gamerip-2020)"",""khinsider_album_kind"":""official_or_gamerip"",""khinsider_album_match_score"":100.0,""relevance_score_100"":100.0,""popularity_score_100"":44.032512167650225,""score_100"":77.61300486706008,""popularity_basis"":""BeatHit master-list game rank plus track position proxy""}"
19,Udder Catastrophe - Big Slugger,Unknown credited artist,[],Super Meat Boy Forever Original Soundtrack (super-meat-boy-forever-original-soundtrack),,,"[""video game soundtrack""]","[""und""]",,,,Super Meat Boy,,,khinsider_track_prominence_proxy,44.032512167650225,score_0_100,,,,77.61300486706008,,,,https://downloads.khinsider.com/game-soundtracks/album/super-meat-boy-forever-original-soundtrack,2026-10-05,Track title is taken from KHInsider's soundtrack/gamerip album index. Popularity is an explicitly labelled proxy based on BeatHit game rank and track prominence.,"{""culture_category"":""video_game_music"",""video_game"":""Super Meat Boy"",""game_rank"":1413,""game_association_kind"":""khinsider_game_soundtrack"",""khinsider_album_url"":""https://downloads.khinsider.com/game-soundtracks/album/super-meat-boy-forever-original-soundtrack"",""khinsider_album_title"":""Super Meat Boy Forever Original Soundtrack (super-meat-boy-forever-original-soundtrack)"",""khinsider_album_kind"":""official_or_gamerip"",""khinsider_album_match_score"":100.0,""relevance_score_100"":100.0,""popularity_score_100"":44.032512167650225,""score_100"":77.61300486706008,""popularity_basis"":""BeatHit master-list game rank plus track position proxy""}"
20,The Battle of Lil' Slugger (Ch 1 Boss),Unknown credited artist,[],Super Meat Boy! Digital Special Edition Soundtrack (super-meat-boy-digital-special-edition-soundtrack),,,"[""video game soundtrack""]","[""und""]",,,,Super Meat Boy,,,khinsider_track_prominence_proxy,44.032512167650225,score_0_100,,,,77.61300486706008,,,,https://downloads.khinsider.com/game-soundtracks/album/super-meat-boy-digital-special-edition-soundtrack,2026-10-05,Track title is taken from KHInsider's soundtrack/gamerip album index. Popularity is an explicitly labelled proxy based on BeatHit game rank and track prominence.,"{""culture_category"":""video_game_music"",""video_game"":""Super Meat Boy"",""game_rank"":1413,""game_association_kind"":""khinsider_game_soundtrack"",""khinsider_album_url"":""https://downloads.khinsider.com/game-soundtracks/album/super-meat-boy-digital-special-edition-soundtrack"",""khinsider_album_title"":""Super Meat Boy! Digital Special Edition Soundtrack (super-meat-boy-digital-special-edition-soundtrack)"",""khinsider_album_kind"":""official_or_gamerip"",""khinsider_album_match_score"":100.0,""relevance_score_100"":100.0,""popularity_score_100"":44.032512167650225,""score_100"":77.61300486706008,""popularity_basis"":""BeatHit master-list game rank plus track position proxy""}"
21,B Menu Hard,Unknown credited artist,[],Super Meat Boy (super-meat-boy-2015-ps-vita-gamerip),,,"[""video game soundtrack""]","[""und""]",,,,Super Meat Boy,,,khinsider_track_prominence_proxy,43.822512167650224,score_0_100,,,,77.5290048670601,,,,https://downloads.khinsider.com/game-soundtracks/album/super-meat-boy-2015-ps-vita-gamerip,2026-10-05,Track title is taken from KHInsider's soundtrack/gamerip album index. Popularity is an explicitly labelled proxy based on BeatHit game rank and track prominence.,"{""culture_category"":""video_game_music"",""video_game"":""Super Meat Boy"",""game_rank"":1413,""game_association_kind"":""khinsider_game_soundtrack"",""khinsider_album_url"":""https://downloads.khinsider.com/game-soundtracks/album/super-meat-boy-2015-ps-vita-gamerip"",""khinsider_album_title"":""Super Meat Boy (super-meat-boy-2015-ps-vita-gamerip)"",""khinsider_album_kind"":""official_or_gamerip"",""khinsider_album_match_score"":100.0,""relevance_score_100"":100.0,""popularity_score_100"":43.822512167650224,""score_100"":77.5290048670601,""popularity_basis"":""BeatHit master-list game rank plus track position proxy""}"
22,Track 6,Unknown credited artist,[],Super Meat Boy Forever (super-meat-boy-forever-gamerip-2020),,,"[""video game soundtrack""]","[""und""]",,,,Super Meat Boy,,,khinsider_track_prominence_proxy,43.822512167650224,score_0_100,,,,77.5290048670601,,,,https://downloads.khinsider.com/game-soundtracks/album/super-meat-boy-forever-gamerip-2020,2026-10-05,Track title is taken from KHInsider's soundtrack/gamerip album index. Popularity is an explicitly labelled proxy based on BeatHit game rank and track prominence.,"{""culture_category"":""video_game_music"",""video_game"":""Super Meat Boy"",""game_rank"":1413,""game_association_kind"":""khinsider_game_soundtrack"",""khinsider_album_url"":""https://downloads.khinsider.com/game-soundtracks/album/super-meat-boy-forever-gamerip-2020"",""khinsider_album_title"":""Super Meat Boy Forever (super-meat-boy-forever-gamerip-2020)"",""khinsider_album_kind"":""official_or_gamerip"",""khinsider_album_match_score"":100.0,""relevance_score_100"":100.0,""popularity_score_100"":43.822512167650224,""score_100"":77.5290048670601,""popularity_basis"":""BeatHit master-list game rank plus track position proxy""}"
23,Nightie Night,Unknown credited artist,[],Super Meat Boy Forever Original Soundtrack (super-meat-boy-forever-original-soundtrack),,,"[""video game soundtrack""]","[""und""]",,,,Super Meat Boy,,,khinsider_track_prominence_proxy,43.822512167650224,score_0_100,,,,77.5290048670601,,,,https://downloads.khinsider.com/game-soundtracks/album/super-meat-boy-forever-original-soundtrack,2026-10-05,Track title is taken from KHInsider's soundtrack/gamerip album index. Popularity is an explicitly labelled proxy based on BeatHit game rank and track prominence.,"{""culture_category"":""video_game_music"",""video_game"":""Super Meat Boy"",""game_rank"":1413,""game_association_kind"":""khinsider_game_soundtrack"",""khinsider_album_url"":""https://downloads.khinsider.com/game-soundtracks/album/super-meat-boy-forever-original-soundtrack"",""khinsider_album_title"":""Super Meat Boy Forever Original Soundtrack (super-meat-boy-forever-original-soundtrack)"",""khinsider_album_kind"":""official_or_gamerip"",""khinsider_album_match_score"":100.0,""relevance_score_100"":100.0,""popularity_score_100"":43.822512167650224,""score_100"":77.5290048670601,""popularity_basis"":""BeatHit master-list game rank plus track position proxy""}"
24,Betus Blues (Ch 2 Light World),Unknown credited artist,[],Super Meat Boy! Digital Special Edition Soundtrack (super-meat-boy-digital-special-edition-soundtrack),,,"[""video game soundtrack""]","[""und""]",,,,Super Meat Boy,,,khinsider_track_prominence_proxy,43.822512167650224,score_0_100,,,,77.5290048670601,,,,https://downloads.khinsider.com/game-soundtracks/album/super-meat-boy-digital-special-edition-soundtrack,2026-10-05,Track title is taken from KHInsider's soundtrack/gamerip album index. Popularity is an explicitly labelled proxy based on BeatHit game rank and track prominence.,"{""culture_category"":""video_game_music"",""video_game"":""Super Meat Boy"",""game_rank"":1413,""game_association_kind"":""khinsider_game_soundtrack"",""khinsider_album_url"":""https://downloads.khinsider.com/game-soundtracks/album/super-meat-boy-digital-special-edition-soundtrack"",""khinsider_album_title"":""Super Meat Boy! Digital Special Edition Soundtrack (super-meat-boy-digital-special-edition-soundtrack)"",""khinsider_album_kind"":""official_or_gamerip"",""khinsider_album_match_score"":100.0,""relevance_score_100"":100.0,""popularity_score_100"":43.822512167650224,""score_100"":77.5290048670601,""popularity_basis"":""BeatHit master-list game rank plus track position proxy""}"
25,Baws Slewp,Unknown credited artist,[],Super Meat Boy (super-meat-boy-2015-ps-vita-gamerip),,,"[""video game soundtrack""]","[""und""]",,,,Super Meat Boy,,,khinsider_track_prominence_proxy,43.61251216765022,score_0_100,,,,77.44500486706009,,,,https://downloads.khinsider.com/game-soundtracks/album/super-meat-boy-2015-ps-vita-gamerip,2026-10-05,Track title is taken from KHInsider's soundtrack/gamerip album index. Popularity is an explicitly labelled proxy based on BeatHit game rank and track prominence.,"{""culture_category"":""video_game_music"",""video_game"":""Super Meat Boy"",""game_rank"":1413,""game_association_kind"":""khinsider_game_soundtrack"",""khinsider_album_url"":""https://downloads.khinsider.com/game-soundtracks/album/super-meat-boy-2015-ps-vita-gamerip"",""khinsider_album_title"":""Super Meat Boy (super-meat-boy-2015-ps-vita-gamerip)"",""khinsider_album_kind"":""official_or_gamerip"",""khinsider_album_match_score"":100.0,""relevance_score_100"":100.0,""popularity_score_100"":43.61251216765022,""score_100"":77.44500486706009,""popularity_basis"":""BeatHit master-list game rank plus track position proxy""}"
26,Track 7,Unknown credited artist,[],Super Meat Boy Forever (super-meat-boy-forever-gamerip-2020),,,"[""video game soundtrack""]","[""und""]",,,,Super Meat Boy,,,khinsider_track_prominence_proxy,43.61251216765022,score_0_100,,,,77.44500486706009,,,,https://downloads.khinsider.com/game-soundtracks/album/super-meat-boy-forever-gamerip-2020,2026-10-05,Track title is taken from KHInsider's soundtrack/gamerip album index. Popularity is an explicitly labelled proxy based on BeatHit game rank and track prominence.,"{""culture_category"":""video_game_music"",""video_game"":""Super Meat Boy"",""game_rank"":1413,""game_association_kind"":""khinsider_game_soundtrack"",""khinsider_album_url"":""https://downloads.khinsider.com/game-soundtracks/album/super-meat-boy-forever-gamerip-2020"",""khinsider_album_title"":""Super Meat Boy Forever (super-meat-boy-forever-gamerip-2020)"",""khinsider_album_kind"":""official_or_gamerip"",""khinsider_album_match_score"":100.0,""relevance_score_100"":100.0,""popularity_score_100"":43.61251216765022,""score_100"":77.44500486706009,""popularity_basis"":""BeatHit master-list game rank plus track position proxy""}"
27,Chickened Out - Hospital Light World,Unknown credited artist,[],Super Meat Boy Forever Original Soundtrack (super-meat-boy-forever-original-soundtrack),,,"[""video game soundtrack""]","[""und""]",,,,Super Meat Boy,,,khinsider_track_prominence_proxy,43.61251216765022,score_0_100,,,,77.44500486706009,,,,https://downloads.khinsider.com/game-soundtracks/album/super-meat-boy-forever-original-soundtrack,2026-10-05,Track title is taken from KHInsider's soundtrack/gamerip album index. Popularity is an explicitly labelled proxy based on BeatHit game rank and track prominence.,"{""culture_category"":""video_game_music"",""video_game"":""Super Meat Boy"",""game_rank"":1413,""game_association_kind"":""khinsider_game_soundtrack"",""khinsider_album_url"":""https://downloads.khinsider.com/game-soundtracks/album/super-meat-boy-forever-original-soundtrack"",""khinsider_album_title"":""Super Meat Boy Forever Original Soundtrack (super-meat-boy-forever-original-soundtrack)"",""khinsider_album_kind"":""official_or_gamerip"",""khinsider_album_match_score"":100.0,""relevance_score_100"":100.0,""popularity_score_100"":43.61251216765022,""score_100"":77.44500486706009,""popularity_basis"":""BeatHit master-list game rank plus track position proxy""}"
28,C.H.A.D.'s Broken Wind (Ch 2 Dark World),Unknown credited artist,[],Super Meat Boy! Digital Special Edition Soundtrack (super-meat-boy-digital-special-edition-soundtrack),,,"[""video game soundtrack""]","[""und""]",,,,Super Meat Boy,,,khinsider_track_prominence_proxy,43.61251216765022,score_0_100,,,,77.44500486706009,,,,https://downloads.khinsider.com/game-soundtracks/album/super-meat-boy-digital-special-edition-soundtrack,2026-10-05,Track title is taken from KHInsider's soundtrack/gamerip album index. Popularity is an explicitly labelled proxy based on BeatHit game rank and track prominence.,"{""culture_category"":""video_game_music"",""video_game"":""Super Meat Boy"",""game_rank"":1413,""game_association_kind"":""khinsider_game_soundtrack"",""khinsider_album_url"":""https://downloads.khinsider.com/game-soundtracks/album/super-meat-boy-digital-special-edition-soundtrack"",""khinsider_album_title"":""Super Meat Boy! Digital Special Edition Soundtrack (super-meat-boy-digital-special-edition-soundtrack)"",""khinsider_album_kind"":""official_or_gamerip"",""khinsider_album_match_score"":100.0,""relevance_score_100"":100.0,""popularity_score_100"":43.61251216765022,""score_100"":77.44500486706009,""popularity_basis"":""BeatHit master-list game rank plus track position proxy""}"
29,Boss 2,Unknown credited artist,[],Super Meat Boy (super-meat-boy-2015-ps-vita-gamerip),,,"[""video game soundtrack""]","[""und""]",,,,Super Meat Boy,,,khinsider_track_prominence_proxy,43.40251216765022,score_0_100,,,,77.36100486706009,,,,https://downloads.khinsider.com/game-soundtracks/album/super-meat-boy-2015-ps-vita-gamerip,2026-10-05,Track title is taken from KHInsider's soundtrack/gamerip album index. Popularity is an explicitly labelled proxy based on BeatHit game rank and track prominence.,"{""culture_category"":""video_game_music"",""video_game"":""Super Meat Boy"",""game_rank"":1413,""game_association_kind"":""khinsider_game_soundtrack"",""khinsider_album_url"":""https://downloads.khinsider.com/game-soundtracks/album/super-meat-boy-2015-ps-vita-gamerip"",""khinsider_album_title"":""Super Meat Boy (super-meat-boy-2015-ps-vita-gamerip)"",""khinsider_album_kind"":""official_or_gamerip"",""khinsider_album_match_score"":100.0,""relevance_score_100"":100.0,""popularity_score_100"":43.40251216765022,""score_100"":77.36100486706009,""popularity_basis"":""BeatHit master-list game rank plus track position proxy""}"
30,Track 8,Unknown credited artist,[],Super Meat Boy Forever (super-meat-boy-forever-gamerip-2020),,,"[""video game soundtrack""]","[""und""]",,,,Super Meat Boy,,,khinsider_track_prominence_proxy,43.40251216765022,score_0_100,,,,77.36100486706009,,,,https://downloads.khinsider.com/game-soundtracks/album/super-meat-boy-forever-gamerip-2020,2026-10-05,Track title is taken from KHInsider's soundtrack/gamerip album index. Popularity is an explicitly labelled proxy based on BeatHit game rank and track prominence.,"{""culture_category"":""video_game_music"",""video_game"":""Super Meat Boy"",""game_rank"":1413,""game_association_kind"":""khinsider_game_soundtrack"",""khinsider_album_url"":""https://downloads.khinsider.com/game-soundtracks/album/super-meat-boy-forever-gamerip-2020"",""khinsider_album_title"":""Super Meat Boy Forever (super-meat-boy-forever-gamerip-2020)"",""khinsider_album_kind"":""official_or_gamerip"",""khinsider_album_match_score"":100.0,""relevance_score_100"":100.0,""popularity_score_100"":43.40251216765022,""score_100"":77.36100486706009,""popularity_basis"":""BeatHit master-list game rank plus track position proxy""}"
31,Wagu Finger - Hospital Dark World,Unknown credited artist,[],Super Meat Boy Forever Original Soundtrack (super-meat-boy-forever-original-soundtrack),,,"[""video game soundtrack""]","[""und""]",,,,Super Meat Boy,,,khinsider_track_prominence_proxy,43.40251216765022,score_0_100,,,,77.36100486706009,,,,https://downloads.khinsider.com/game-soundtracks/album/super-meat-boy-forever-original-soundtrack,2026-10-05,Track title is taken from KHInsider's soundtrack/gamerip album index. Popularity is an explicitly labelled proxy based on BeatHit game rank and track prominence.,"{""culture_category"":""video_game_music"",""video_game"":""Super Meat Boy"",""game_rank"":1413,""game_association_kind"":""khinsider_game_soundtrack"",""khinsider_album_url"":""https://downloads.khinsider.com/game-soundtracks/album/super-meat-boy-forever-original-soundtrack"",""khinsider_album_title"":""Super Meat Boy Forever Original Soundtrack (super-meat-boy-forever-original-soundtrack)"",""khinsider_album_kind"":""official_or_gamerip"",""khinsider_album_match_score"":100.0,""relevance_score_100"":100.0,""popularity_score_100"":43.40251216765022,""score_100"":77.36100486706009,""popularity_basis"":""BeatHit master-list game rank plus track position proxy""}"
32,C.H.A.D.'s Lullaby (Ch 2 Boss),Unknown credited artist,[],Super Meat Boy! Digital Special Edition Soundtrack (super-meat-boy-digital-special-edition-soundtrack),,,"[""video game soundtrack""]","[""und""]",,,,Super Meat Boy,,,khinsider_track_prominence_proxy,43.40251216765022,score_0_100,,,,77.36100486706009,,,,https://downloads.khinsider.com/game-soundtracks/album/super-meat-boy-digital-special-edition-soundtrack,2026-10-05,Track title is taken from KHInsider's soundtrack/gamerip album index. Popularity is an explicitly labelled proxy based on BeatHit game rank and track prominence.,"{""culture_category"":""video_game_music"",""video_game"":""Super Meat Boy"",""game_rank"":1413,""game_association_kind"":""khinsider_game_soundtrack"",""khinsider_album_url"":""https://downloads.khinsider.com/game-soundtracks/album/super-meat-boy-digital-special-edition-soundtrack"",""khinsider_album_title"":""Super Meat Boy! Digital Special Edition Soundtrack (super-meat-boy-digital-special-edition-soundtrack)"",""khinsider_album_kind"":""official_or_gamerip"",""khinsider_album_match_score"":100.0,""relevance_score_100"":100.0,""popularity_score_100"":43.40251216765022,""score_100"":77.36100486706009,""popularity_basis"":""BeatHit master-list game rank plus track position proxy""}"
33,Boss 3,Unknown credited artist,[],Super Meat Boy (super-meat-boy-2015-ps-vita-gamerip),,,"[""video game soundtrack""]","[""und""]",,,,Super Meat Boy,,,khinsider_track_prominence_proxy,43.19251216765022,score_0_100,,,,77.27700486706009,,,,https://downloads.khinsider.com/game-soundtracks/album/super-meat-boy-2015-ps-vita-gamerip,2026-10-05,Track title is taken from KHInsider's soundtrack/gamerip album index. Popularity is an explicitly labelled proxy based on BeatHit game rank and track prominence.,"{""culture_category"":""video_game_music"",""video_game"":""Super Meat Boy"",""game_rank"":1413,""game_association_kind"":""khinsider_game_soundtrack"",""khinsider_album_url"":""https://downloads.khinsider.com/game-soundtracks/album/super-meat-boy-2015-ps-vita-gamerip"",""khinsider_album_title"":""Super Meat Boy (super-meat-boy-2015-ps-vita-gamerip)"",""khinsider_album_kind"":""official_or_gamerip"",""khinsider_album_match_score"":100.0,""relevance_score_100"":100.0,""popularity_score_100"":43.19251216765022,""score_100"":77.27700486706009,""popularity_basis"":""BeatHit master-list game rank plus track position proxy""}"
34,Track 9,Unknown credited artist,[],Super Meat Boy Forever (super-meat-boy-forever-gamerip-2020),,,"[""video game soundtrack""]","[""und""]",,,,Super Meat Boy,,,khinsider_track_prominence_proxy,43.19251216765022,score_0_100,,,,77.27700486706009,,,,https://downloads.khinsider.com/game-soundtracks/album/super-meat-boy-forever-gamerip-2020,2026-10-05,Track title is taken from KHInsider's soundtrack/gamerip album index. Popularity is an explicitly labelled proxy based on BeatHit game rank and track prominence.,"{""culture_category"":""video_game_music"",""video_game"":""Super Meat Boy"",""game_rank"":1413,""game_association_kind"":""khinsider_game_soundtrack"",""khinsider_album_url"":""https://downloads.khinsider.com/game-soundtracks/album/super-meat-boy-forever-gamerip-2020"",""khinsider_album_title"":""Super Meat Boy Forever (super-meat-boy-forever-gamerip-2020)"",""khinsider_album_kind"":""official_or_gamerip"",""khinsider_album_match_score"":100.0,""relevance_score_100"":100.0,""popularity_score_100"":43.19251216765022,""score_100"":77.27700486706009,""popularity_basis"":""BeatHit master-list game rank plus track position proxy""}"
35,Tenderizer - Manic Manipulator Fight,Unknown credited artist,[],Super Meat Boy Forever Original Soundtrack (super-meat-boy-forever-original-soundtrack),,,"[""video game soundtrack""]","[""und""]",,,,Super Meat Boy,,,khinsider_track_prominence_proxy,43.19251216765022,score_0_100,,,,77.27700486706009,,,,https://downloads.khinsider.com/game-soundtracks/album/super-meat-boy-forever-original-soundtrack,2026-10-05,Track title is taken from KHInsider's soundtrack/gamerip album index. Popularity is an explicitly labelled proxy based on BeatHit game rank and track prominence.,"{""culture_category"":""video_game_music"",""video_game"":""Super Meat Boy"",""game_rank"":1413,""game_association_kind"":""khinsider_game_soundtrack"",""khinsider_album_url"":""https://downloads.khinsider.com/game-soundtracks/album/super-meat-boy-forever-original-soundtrack"",""khinsider_album_title"":""Super Meat Boy Forever Original Soundtrack (super-meat-boy-forever-original-soundtrack)"",""khinsider_album_kind"":""official_or_gamerip"",""khinsider_album_match_score"":100.0,""relevance_score_100"":100.0,""popularity_score_100"":43.19251216765022,""score_100"":77.27700486706009,""popularity_basis"":""BeatHit master-list game rank plus track position proxy""}"
36,Can o' Salt (Ch 3 Light World),Unknown credited artist,[],Super Meat Boy! Digital Special Edition Soundtrack (super-meat-boy-digital-special-edition-soundtrack),,,"[""video game soundtrack""]","[""und""]",,,,Super Meat Boy,,,khinsider_track_prominence_proxy,43.19251216765022,score_0_100,,,,77.27700486706009,,,,https://downloads.khinsider.com/game-soundtracks/album/super-meat-boy-digital-special-edition-soundtrack,2026-10-05,Track title is taken from KHInsider's soundtrack/gamerip album index. Popularity is an explicitly labelled proxy based on BeatHit game rank and track prominence.,"{""culture_category"":""video_game_music"",""video_game"":""Super Meat Boy"",""game_rank"":1413,""game_association_kind"":""khinsider_game_soundtrack"",""khinsider_album_url"":""https://downloads.khinsider.com/game-soundtracks/album/super-meat-boy-digital-special-edition-soundtrack"",""khinsider_album_title"":""Super Meat Boy! Digital Special Edition Soundtrack (super-meat-boy-digital-special-edition-soundtrack)"",""khinsider_album_kind"":""official_or_gamerip"",""khinsider_album_match_score"":100.0,""relevance_score_100"":100.0,""popularity_score_100"":43.19251216765022,""score_100"":77.27700486706009,""popularity_basis"":""BeatHit master-list game rank plus track position proxy""}"
37,Boss 4,Unknown credited artist,[],Super Meat Boy (super-meat-boy-2015-ps-vita-gamerip),,,"[""video game soundtrack""]","[""und""]",,,,Super Meat Boy,,,khinsider_track_prominence_proxy,42.98251216765023,score_0_100,,,,77.1930048670601,,,,https://downloads.khinsider.com/game-soundtracks/album/super-meat-boy-2015-ps-vita-gamerip,2026-10-05,Track title is taken from KHInsider's soundtrack/gamerip album index. Popularity is an explicitly labelled proxy based on BeatHit game rank and track prominence.,"{""culture_category"":""video_game_music"",""video_game"":""Super Meat Boy"",""game_rank"":1413,""game_association_kind"":""khinsider_game_soundtrack"",""khinsider_album_url"":""https://downloads.khinsider.com/game-soundtracks/album/super-meat-boy-2015-ps-vita-gamerip"",""khinsider_album_title"":""Super Meat Boy (super-meat-boy-2015-ps-vita-gamerip)"",""khinsider_album_kind"":""official_or_gamerip"",""khinsider_album_match_score"":100.0,""relevance_score_100"":100.0,""popularity_score_100"":42.98251216765023,""score_100"":77.1930048670601,""popularity_basis"":""BeatHit master-list game rank plus track position proxy""}"
38,Track 10,Unknown credited artist,[],Super Meat Boy Forever (super-meat-boy-forever-gamerip-2020),,,"[""video game soundtrack""]","[""und""]",,,,Super Meat Boy,,,khinsider_track_prominence_proxy,42.98251216765023,score_0_100,,,,77.1930048670601,,,,https://downloads.khinsider.com/game-soundtracks/album/super-meat-boy-forever-gamerip-2020,2026-10-05,Track title is taken from KHInsider's soundtrack/gamerip album index. Popularity is an explicitly labelled proxy based on BeatHit game rank and track prominence.,"{""culture_category"":""video_game_music"",""video_game"":""Super Meat Boy"",""game_rank"":1413,""game_association_kind"":""khinsider_game_soundtrack"",""khinsider_album_url"":""https://downloads.khinsider.com/game-soundtracks/album/super-meat-boy-forever-gamerip-2020"",""khinsider_album_title"":""Super Meat Boy Forever (super-meat-boy-forever-gamerip-2020)"",""khinsider_album_kind"":""official_or_gamerip"",""khinsider_album_match_score"":100.0,""relevance_score_100"":100.0,""popularity_score_100"":42.98251216765023,""score_100"":77.1930048670601,""popularity_basis"":""BeatHit master-list game rank plus track position proxy""}"
39,Contraband,Unknown credited artist,[],Super Meat Boy Forever Original Soundtrack (super-meat-boy-forever-original-soundtrack),,,"[""video game soundtrack""]","[""und""]",,,,Super Meat Boy,,,khinsider_track_prominence_proxy,42.98251216765023,score_0_100,,,,77.1930048670601,,,,https://downloads.khinsider.com/game-soundtracks/album/super-meat-boy-forever-original-soundtrack,2026-10-05,Track title is taken from KHInsider's soundtrack/gamerip album index. Popularity is an explicitly labelled proxy based on BeatHit game rank and track prominence.,"{""culture_category"":""video_game_music"",""video_game"":""Super Meat Boy"",""game_rank"":1413,""game_association_kind"":""khinsider_game_soundtrack"",""khinsider_album_url"":""https://downloads.khinsider.com/game-soundtracks/album/super-meat-boy-forever-original-soundtrack"",""khinsider_album_title"":""Super Meat Boy Forever Original Soundtrack (super-meat-boy-forever-original-soundtrack)"",""khinsider_album_kind"":""official_or_gamerip"",""khinsider_album_match_score"":100.0,""relevance_score_100"":100.0,""popularity_score_100"":42.98251216765023,""score_100"":77.1930048670601,""popularity_basis"":""BeatHit master-list game rank plus track position proxy""}"
40,Rocket Rider (Ch 3 Dark World),Unknown credited artist,[],Super Meat Boy! Digital Special Edition Soundtrack (super-meat-boy-digital-special-edition-soundtrack),,,"[""video game soundtrack""]","[""und""]",,,,Super Meat Boy,,,khinsider_track_prominence_proxy,42.98251216765023,score_0_100,,,,77.1930048670601,,,,https://downloads.khinsider.com/game-soundtracks/album/super-meat-boy-digital-special-edition-soundtrack,2026-10-05,Track title is taken from KHInsider's soundtrack/gamerip album index. Popularity is an explicitly labelled proxy based on BeatHit game rank and track prominence.,"{""culture_category"":""video_game_music"",""video_game"":""Super Meat Boy"",""game_rank"":1413,""game_association_kind"":""khinsider_game_soundtrack"",""khinsider_album_url"":""https://downloads.khinsider.com/game-soundtracks/album/super-meat-boy-digital-special-edition-soundtrack"",""khinsider_album_title"":""Super Meat Boy! Digital Special Edition Soundtrack (super-meat-boy-digital-special-edition-soundtrack)"",""khinsider_album_kind"":""official_or_gamerip"",""khinsider_album_match_score"":100.0,""relevance_score_100"":100.0,""popularity_score_100"":42.98251216765023,""score_100"":77.1930048670601,""popularity_basis"":""BeatHit master-list game rank plus track position proxy""}"
41,Boss 5,Unknown credited artist,[],Super Meat Boy (super-meat-boy-2015-ps-vita-gamerip),,,"[""video game soundtrack""]","[""und""]",,,,Super Meat Boy,,,khinsider_track_prominence_proxy,42.77251216765022,score_0_100,,,,77.1090048670601,,,,https://downloads.khinsider.com/game-soundtracks/album/super-meat-boy-2015-ps-vita-gamerip,2026-10-05,Track title is taken from KHInsider's soundtrack/gamerip album index. Popularity is an explicitly labelled proxy based on BeatHit game rank and track prominence.,"{""culture_category"":""video_game_music"",""video_game"":""Super Meat Boy"",""game_rank"":1413,""game_association_kind"":""khinsider_game_soundtrack"",""khinsider_album_url"":""https://downloads.khinsider.com/game-soundtracks/album/super-meat-boy-2015-ps-vita-gamerip"",""khinsider_album_title"":""Super Meat Boy (super-meat-boy-2015-ps-vita-gamerip)"",""khinsider_album_kind"":""official_or_gamerip"",""khinsider_album_match_score"":100.0,""relevance_score_100"":100.0,""popularity_score_100"":42.77251216765022,""score_100"":77.1090048670601,""popularity_basis"":""BeatHit master-list game rank plus track position proxy""}"
42,Track 11,Unknown credited artist,[],Super Meat Boy Forever (super-meat-boy-forever-gamerip-2020),,,"[""video game soundtrack""]","[""und""]",,,,Super Meat Boy,,,khinsider_track_prominence_proxy,42.77251216765022,score_0_100,,,,77.1090048670601,,,,https://downloads.khinsider.com/game-soundtracks/album/super-meat-boy-forever-gamerip-2020,2026-10-05,Track title is taken from KHInsider's soundtrack/gamerip album index. Popularity is an explicitly labelled proxy based on BeatHit game rank and track prominence.,"{""culture_category"":""video_game_music"",""video_game"":""Super Meat Boy"",""game_rank"":1413,""game_association_kind"":""khinsider_game_soundtrack"",""khinsider_album_url"":""https://downloads.khinsider.com/game-soundtracks/album/super-meat-boy-forever-gamerip-2020"",""khinsider_album_title"":""Super Meat Boy Forever (super-meat-boy-forever-gamerip-2020)"",""khinsider_album_kind"":""official_or_gamerip"",""khinsider_album_match_score"":100.0,""relevance_score_100"":100.0,""popularity_score_100"":42.77251216765022,""score_100"":77.1090048670601,""popularity_basis"":""BeatHit master-list game rank plus track position proxy""}"
43,Tenuous - Tetanus City Light World,Unknown credited artist,[],Super Meat Boy Forever Original Soundtrack (super-meat-boy-forever-original-soundtrack),,,"[""video game soundtrack""]","[""und""]",,,,Super Meat Boy,,,khinsider_track_prominence_proxy,42.77251216765022,score_0_100,,,,77.1090048670601,,,,https://downloads.khinsider.com/game-soundtracks/album/super-meat-boy-forever-original-soundtrack,2026-10-05,Track title is taken from KHInsider's soundtrack/gamerip album index. Popularity is an explicitly labelled proxy based on BeatHit game rank and track prominence.,"{""culture_category"":""video_game_music"",""video_game"":""Super Meat Boy"",""game_rank"":1413,""game_association_kind"":""khinsider_game_soundtrack"",""khinsider_album_url"":""https://downloads.khinsider.com/game-soundtracks/album/super-meat-boy-forever-original-soundtrack"",""khinsider_album_title"":""Super Meat Boy Forever Original Soundtrack (super-meat-boy-forever-original-soundtrack)"",""khinsider_album_kind"":""official_or_gamerip"",""khinsider_album_match_score"":100.0,""relevance_score_100"":100.0,""popularity_score_100"":42.77251216765022,""score_100"":77.1090048670601,""popularity_basis"":""BeatHit master-list game rank plus track position proxy""}"
44,Fast Track to Browntown (Ch 3 Boss),Unknown credited artist,[],Super Meat Boy! Digital Special Edition Soundtrack (super-meat-boy-digital-special-edition-soundtrack),,,"[""video game soundtrack""]","[""und""]",,,,Super Meat Boy,,,khinsider_track_prominence_proxy,42.77251216765022,score_0_100,,,,77.1090048670601,,,,https://downloads.khinsider.com/game-soundtracks/album/super-meat-boy-digital-special-edition-soundtrack,2026-10-05,Track title is taken from KHInsider's soundtrack/gamerip album index. Popularity is an explicitly labelled proxy based on BeatHit game rank and track prominence.,"{""culture_category"":""video_game_music"",""video_game"":""Super Meat Boy"",""game_rank"":1413,""game_association_kind"":""khinsider_game_soundtrack"",""khinsider_album_url"":""https://downloads.khinsider.com/game-soundtracks/album/super-meat-boy-digital-special-edition-soundtrack"",""khinsider_album_title"":""Super Meat Boy! Digital Special Edition Soundtrack (super-meat-boy-digital-special-edition-soundtrack)"",""khinsider_album_kind"":""official_or_gamerip"",""khinsider_album_match_score"":100.0,""relevance_score_100"":100.0,""popularity_score_100"":42.77251216765022,""score_100"":77.1090048670601,""popularity_basis"":""BeatHit master-list game rank plus track position proxy""}"
45,Boss 6,Unknown credited artist,[],Super Meat Boy (super-meat-boy-2015-ps-vita-gamerip),,,"[""video game soundtrack""]","[""und""]",,,,Super Meat Boy,,,khinsider_track_prominence_proxy,42.562512167650226,score_0_100,,,,77.02500486706009,,,,https://downloads.khinsider.com/game-soundtracks/album/super-meat-boy-2015-ps-vita-gamerip,2026-10-05,Track title is taken from KHInsider's soundtrack/gamerip album index. Popularity is an explicitly labelled proxy based on BeatHit game rank and track prominence.,"{""culture_category"":""video_game_music"",""video_game"":""Super Meat Boy"",""game_rank"":1413,""game_association_kind"":""khinsider_game_soundtrack"",""khinsider_album_url"":""https://downloads.khinsider.com/game-soundtracks/album/super-meat-boy-2015-ps-vita-gamerip"",""khinsider_album_title"":""Super Meat Boy (super-meat-boy-2015-ps-vita-gamerip)"",""khinsider_album_kind"":""official_or_gamerip"",""khinsider_album_match_score"":100.0,""relevance_score_100"":100.0,""popularity_score_100"":42.562512167650226,""score_100"":77.02500486706009,""popularity_basis"":""BeatHit master-list game rank plus track position proxy""}"
46,Track 12,Unknown credited artist,[],Super Meat Boy Forever (super-meat-boy-forever-gamerip-2020),,,"[""video game soundtrack""]","[""und""]",,,,Super Meat Boy,,,khinsider_track_prominence_proxy,42.562512167650226,score_0_100,,,,77.02500486706009,,,,https://downloads.khinsider.com/game-soundtracks/album/super-meat-boy-forever-gamerip-2020,2026-10-05,Track title is taken from KHInsider's soundtrack/gamerip album index. Popularity is an explicitly labelled proxy based on BeatHit game rank and track prominence.,"{""culture_category"":""video_game_music"",""video_game"":""Super Meat Boy"",""game_rank"":1413,""game_association_kind"":""khinsider_game_soundtrack"",""khinsider_album_url"":""https://downloads.khinsider.com/game-soundtracks/album/super-meat-boy-forever-gamerip-2020"",""khinsider_album_title"":""Super Meat Boy Forever (super-meat-boy-forever-gamerip-2020)"",""khinsider_album_kind"":""official_or_gamerip"",""khinsider_album_match_score"":100.0,""relevance_score_100"":100.0,""popularity_score_100"":42.562512167650226,""score_100"":77.02500486706009,""popularity_basis"":""BeatHit master-list game rank plus track position proxy""}"
47,Tautness - Tetanus City Dark World,Unknown credited artist,[],Super Meat Boy Forever Original Soundtrack (super-meat-boy-forever-original-soundtrack),,,"[""video game soundtrack""]","[""und""]",,,,Super Meat Boy,,,khinsider_track_prominence_proxy,42.562512167650226,score_0_100,,,,77.02500486706009,,,,https://downloads.khinsider.com/game-soundtracks/album/super-meat-boy-forever-original-soundtrack,2026-10-05,Track title is taken from KHInsider's soundtrack/gamerip album index. Popularity is an explicitly labelled proxy based on BeatHit game rank and track prominence.,"{""culture_category"":""video_game_music"",""video_game"":""Super Meat Boy"",""game_rank"":1413,""game_association_kind"":""khinsider_game_soundtrack"",""khinsider_album_url"":""https://downloads.khinsider.com/game-soundtracks/album/super-meat-boy-forever-original-soundtrack"",""khinsider_album_title"":""Super Meat Boy Forever Original Soundtrack (super-meat-boy-forever-original-soundtrack)"",""khinsider_album_kind"":""official_or_gamerip"",""khinsider_album_match_score"":100.0,""relevance_score_100"":100.0,""popularity_score_100"":42.562512167650226,""score_100"":77.02500486706009,""popularity_basis"":""BeatHit master-list game rank plus track position proxy""}"
48,Hot Damned (Ch 4 Light World),Unknown credited artist,[],Super Meat Boy! Digital Special Edition Soundtrack (super-meat-boy-digital-special-edition-soundtrack),,,"[""video game soundtrack""]","[""und""]",,,,Super Meat Boy,,,khinsider_track_prominence_proxy,42.562512167650226,score_0_100,,,,77.02500486706009,,,,https://downloads.khinsider.com/game-soundtracks/album/super-meat-boy-digital-special-edition-soundtrack,2026-10-05,Track title is taken from KHInsider's soundtrack/gamerip album index. Popularity is an explicitly labelled proxy based on BeatHit game rank and track prominence.,"{""culture_category"":""video_game_music"",""video_game"":""Super Meat Boy"",""game_rank"":1413,""game_association_kind"":""khinsider_game_soundtrack"",""khinsider_album_url"":""https://downloads.khinsider.com/game-soundtracks/album/super-meat-boy-digital-special-edition-soundtrack"",""khinsider_album_title"":""Super Meat Boy! Digital Special Edition Soundtrack (super-meat-boy-digital-special-edition-soundtrack)"",""khinsider_album_kind"":""official_or_gamerip"",""khinsider_album_match_score"":100.0,""relevance_score_100"":100.0,""popularity_score_100"":42.562512167650226,""score_100"":77.02500486706009,""popularity_basis"":""BeatHit master-list game rank plus track position proxy""}"
49,Ch2 Outro Music,Unknown credited artist,[],Super Meat Boy (super-meat-boy-2015-ps-vita-gamerip),,,"[""video game soundtrack""]","[""und""]",,,,Super Meat Boy,,,khinsider_track_prominence_proxy,42.35251216765022,score_0_100,,,,76.94100486706009,,,,https://downloads.khinsider.com/game-soundtracks/album/super-meat-boy-2015-ps-vita-gamerip,2026-10-05,Track title is taken from KHInsider's soundtrack/gamerip album index. Popularity is an explicitly labelled proxy based on BeatHit game rank and track prominence.,"{""culture_category"":""video_game_music"",""video_game"":""Super Meat Boy"",""game_rank"":1413,""game_association_kind"":""khinsider_game_soundtrack"",""khinsider_album_url"":""https://downloads.khinsider.com/game-soundtracks/album/super-meat-boy-2015-ps-vita-gamerip"",""khinsider_album_title"":""Super Meat Boy (super-meat-boy-2015-ps-vita-gamerip)"",""khinsider_album_kind"":""official_or_gamerip"",""khinsider_album_match_score"":100.0,""relevance_score_100"":100.0,""popularity_score_100"":42.35251216765022,""score_100"":76.94100486706009,""popularity_basis"":""BeatHit master-list game rank plus track position proxy""}"
50,Track 13,Unknown credited artist,[],Super Meat Boy Forever (super-meat-boy-forever-gamerip-2020),,,"[""video game soundtrack""]","[""und""]",,,,Super Meat Boy,,,khinsider_track_prominence_proxy,42.35251216765022,score_0_100,,,,76.94100486706009,,,,https://downloads.khinsider.com/game-soundtracks/album/super-meat-boy-forever-gamerip-2020,2026-10-05,Track title is taken from KHInsider's soundtrack/gamerip album index. Popularity is an explicitly labelled proxy based on BeatHit game rank and track prominence.,"{""culture_category"":""video_game_music"",""video_game"":""Super Meat Boy"",""game_rank"":1413,""game_association_kind"":""khinsider_game_soundtrack"",""khinsider_album_url"":""https://downloads.khinsider.com/game-soundtracks/album/super-meat-boy-forever-gamerip-2020"",""khinsider_album_title"":""Super Meat Boy Forever (super-meat-boy-forever-gamerip-2020)"",""khinsider_album_kind"":""official_or_gamerip"",""khinsider_album_match_score"":100.0,""relevance_score_100"":100.0,""popularity_score_100"":42.35251216765022,""score_100"":76.94100486706009,""popularity_basis"":""BeatHit master-list game rank plus track position proxy""}"
51,Ground Beef - Rust Golem Battle,Unknown credited artist,[],Super Meat Boy Forever Original Soundtrack (super-meat-boy-forever-original-soundtrack),,,"[""video game soundtrack""]","[""und""]",,,,Super Meat Boy,,,khinsider_track_prominence_proxy,42.35251216765022,score_0_100,,,,76.94100486706009,,,,https://downloads.khinsider.com/game-soundtracks/album/super-meat-boy-forever-original-soundtrack,2026-10-05,Track title is taken from KHInsider's soundtrack/gamerip album index. Popularity is an explicitly labelled proxy based on BeatHit game rank and track prominence.,"{""culture_category"":""video_game_music"",""video_game"":""Super Meat Boy"",""game_rank"":1413,""game_association_kind"":""khinsider_game_soundtrack"",""khinsider_album_url"":""https://downloads.khinsider.com/game-soundtracks/album/super-meat-boy-forever-original-soundtrack"",""khinsider_album_title"":""Super Meat Boy Forever Original Soundtrack (super-meat-boy-forever-original-soundtrack)"",""khinsider_album_kind"":""official_or_gamerip"",""khinsider_album_match_score"":100.0,""relevance_score_100"":100.0,""popularity_score_100"":42.35251216765022,""score_100"":76.94100486706009,""popularity_basis"":""BeatHit master-list game rank plus track position proxy""}"
52,Devil N' Bass (Ch 4 Dark World),Unknown credited artist,[],Super Meat Boy! Digital Special Edition Soundtrack (super-meat-boy-digital-special-edition-soundtrack),,,"[""video game soundtrack""]","[""und""]",,,,Super Meat Boy,,,khinsider_track_prominence_proxy,42.35251216765022,score_0_100,,,,76.94100486706009,,,,https://downloads.khinsider.com/game-soundtracks/album/super-meat-boy-digital-special-edition-soundtrack,2026-10-05,Track title is taken from KHInsider's soundtrack/gamerip album index. Popularity is an explicitly labelled proxy based on BeatHit game rank and track prominence.,"{""culture_category"":""video_game_music"",""video_game"":""Super Meat Boy"",""game_rank"":1413,""game_association_kind"":""khinsider_game_soundtrack"",""khinsider_album_url"":""https://downloads.khinsider.com/game-soundtracks/album/super-meat-boy-digital-special-edition-soundtrack"",""khinsider_album_title"":""Super Meat Boy! Digital Special Edition Soundtrack (super-meat-boy-digital-special-edition-soundtrack)"",""khinsider_album_kind"":""official_or_gamerip"",""khinsider_album_match_score"":100.0,""relevance_score_100"":100.0,""popularity_score_100"":42.35251216765022,""score_100"":76.94100486706009,""popularity_basis"":""BeatHit master-list game rank plus track position proxy""}"
53,Ch2 Retro,Unknown credited artist,[],Super Meat Boy (super-meat-boy-2015-ps-vita-gamerip),,,"[""video game soundtrack""]","[""und""]",,,,Super Meat Boy,,,khinsider_track_prominence_proxy,42.142512167650224,score_0_100,,,,76.85700486706008,,,,https://downloads.khinsider.com/game-soundtracks/album/super-meat-boy-2015-ps-vita-gamerip,2026-10-05,Track title is taken from KHInsider's soundtrack/gamerip album index. Popularity is an explicitly labelled proxy based on BeatHit game rank and track prominence.,"{""culture_category"":""video_game_music"",""video_game"":""Super Meat Boy"",""game_rank"":1413,""game_association_kind"":""khinsider_game_soundtrack"",""khinsider_album_url"":""https://downloads.khinsider.com/game-soundtracks/album/super-meat-boy-2015-ps-vita-gamerip"",""khinsider_album_title"":""Super Meat Boy (super-meat-boy-2015-ps-vita-gamerip)"",""khinsider_album_kind"":""official_or_gamerip"",""khinsider_album_match_score"":100.0,""relevance_score_100"":100.0,""popularity_score_100"":42.142512167650224,""score_100"":76.85700486706008,""popularity_basis"":""BeatHit master-list game rank plus track position proxy""}"
54,Track 14,Unknown credited artist,[],Super Meat Boy Forever (super-meat-boy-forever-gamerip-2020),,,"[""video game soundtrack""]","[""und""]",,,,Super Meat Boy,,,khinsider_track_prominence_proxy,42.142512167650224,score_0_100,,,,76.85700486706008,,,,https://downloads.khinsider.com/game-soundtracks/album/super-meat-boy-forever-gamerip-2020,2026-10-05,Track title is taken from KHInsider's soundtrack/gamerip album index. Popularity is an explicitly labelled proxy based on BeatHit game rank and track prominence.,"{""culture_category"":""video_game_music"",""video_game"":""Super Meat Boy"",""game_rank"":1413,""game_association_kind"":""khinsider_game_soundtrack"",""khinsider_album_url"":""https://downloads.khinsider.com/game-soundtracks/album/super-meat-boy-forever-gamerip-2020"",""khinsider_album_title"":""Super Meat Boy Forever (super-meat-boy-forever-gamerip-2020)"",""khinsider_album_kind"":""official_or_gamerip"",""khinsider_album_match_score"":100.0,""relevance_score_100"":100.0,""popularity_score_100"":42.142512167650224,""score_100"":76.85700486706008,""popularity_basis"":""BeatHit master-list game rank plus track position proxy""}"
55,Meteorite,Unknown credited artist,[],Super Meat Boy Forever Original Soundtrack (super-meat-boy-forever-original-soundtrack),,,"[""video game soundtrack""]","[""und""]",,,,Super Meat Boy,,,khinsider_track_prominence_proxy,42.142512167650224,score_0_100,,,,76.85700486706008,,,,https://downloads.khinsider.com/game-soundtracks/album/super-meat-boy-forever-original-soundtrack,2026-10-05,Track title is taken from KHInsider's soundtrack/gamerip album index. Popularity is an explicitly labelled proxy based on BeatHit game rank and track prominence.,"{""culture_category"":""video_game_music"",""video_game"":""Super Meat Boy"",""game_rank"":1413,""game_association_kind"":""khinsider_game_soundtrack"",""khinsider_album_url"":""https://downloads.khinsider.com/game-soundtracks/album/super-meat-boy-forever-original-soundtrack"",""khinsider_album_title"":""Super Meat Boy Forever Original Soundtrack (super-meat-boy-forever-original-soundtrack)"",""khinsider_album_kind"":""official_or_gamerip"",""khinsider_album_match_score"":100.0,""relevance_score_100"":100.0,""popularity_score_100"":42.142512167650224,""score_100"":76.85700486706008,""popularity_basis"":""BeatHit master-list game rank plus track position proxy""}"
56,Meat Golem (Ch 4 Boss),Unknown credited artist,[],Super Meat Boy! Digital Special Edition Soundtrack (super-meat-boy-digital-special-edition-soundtrack),,,"[""video game soundtrack""]","[""und""]",,,,Super Meat Boy,,,khinsider_track_prominence_proxy,42.142512167650224,score_0_100,,,,76.85700486706008,,,,https://downloads.khinsider.com/game-soundtracks/album/super-meat-boy-digital-special-edition-soundtrack,2026-10-05,Track title is taken from KHInsider's soundtrack/gamerip album index. Popularity is an explicitly labelled proxy based on BeatHit game rank and track prominence.,"{""culture_category"":""video_game_music"",""video_game"":""Super Meat Boy"",""game_rank"":1413,""game_association_kind"":""khinsider_game_soundtrack"",""khinsider_album_url"":""https://downloads.khinsider.com/game-soundtracks/album/super-meat-boy-digital-special-edition-soundtrack"",""khinsider_album_title"":""Super Meat Boy! Digital Special Edition Soundtrack (super-meat-boy-digital-special-edition-soundtrack)"",""khinsider_album_kind"":""official_or_gamerip"",""khinsider_album_match_score"":100.0,""relevance_score_100"":100.0,""popularity_score_100"":42.142512167650224,""score_100"":76.85700486706008,""popularity_basis"":""BeatHit master-list game rank plus track position proxy""}"
57,Ch2 Track,Unknown credited artist,[],Super Meat Boy (super-meat-boy-2015-ps-vita-gamerip),,,"[""video game soundtrack""]","[""und""]",,,,Super Meat Boy,,,khinsider_track_prominence_proxy,41.93251216765022,score_0_100,,,,76.7730048670601,,,,https://downloads.khinsider.com/game-soundtracks/album/super-meat-boy-2015-ps-vita-gamerip,2026-10-05,Track title is taken from KHInsider's soundtrack/gamerip album index. Popularity is an explicitly labelled proxy based on BeatHit game rank and track prominence.,"{""culture_category"":""video_game_music"",""video_game"":""Super Meat Boy"",""game_rank"":1413,""game_association_kind"":""khinsider_game_soundtrack"",""khinsider_album_url"":""https://downloads.khinsider.com/game-soundtracks/album/super-meat-boy-2015-ps-vita-gamerip"",""khinsider_album_title"":""Super Meat Boy (super-meat-boy-2015-ps-vita-gamerip)"",""khinsider_album_kind"":""official_or_gamerip"",""khinsider_album_match_score"":100.0,""relevance_score_100"":100.0,""popularity_score_100"":41.93251216765022,""score_100"":76.7730048670601,""popularity_basis"":""BeatHit master-list game rank plus track position proxy""}"
58,Track 15,Unknown credited artist,[],Super Meat Boy Forever (super-meat-boy-forever-gamerip-2020),,,"[""video game soundtrack""]","[""und""]",,,,Super Meat Boy,,,khinsider_track_prominence_proxy,41.93251216765022,score_0_100,,,,76.7730048670601,,,,https://downloads.khinsider.com/game-soundtracks/album/super-meat-boy-forever-gamerip-2020,2026-10-05,Track title is taken from KHInsider's soundtrack/gamerip album index. Popularity is an explicitly labelled proxy based on BeatHit game rank and track prominence.,"{""culture_category"":""video_game_music"",""video_game"":""Super Meat Boy"",""game_rank"":1413,""game_association_kind"":""khinsider_game_soundtrack"",""khinsider_album_url"":""https://downloads.khinsider.com/game-soundtracks/album/super-meat-boy-forever-gamerip-2020"",""khinsider_album_title"":""Super Meat Boy Forever (super-meat-boy-forever-gamerip-2020)"",""khinsider_album_kind"":""official_or_gamerip"",""khinsider_album_match_score"":100.0,""relevance_score_100"":100.0,""popularity_score_100"":41.93251216765022,""score_100"":76.7730048670601,""popularity_basis"":""BeatHit master-list game rank plus track position proxy""}"
59,Nobody's Gyro - The Lab Light World,Unknown credited artist,[],Super Meat Boy Forever Original Soundtrack (super-meat-boy-forever-original-soundtrack),,,"[""video game soundtrack""]","[""und""]",,,,Super Meat Boy,,,khinsider_track_prominence_proxy,41.93251216765022,score_0_100,,,,76.7730048670601,,,,https://downloads.khinsider.com/game-soundtracks/album/super-meat-boy-forever-original-soundtrack,2026-10-05,Track title is taken from KHInsider's soundtrack/gamerip album index. Popularity is an explicitly labelled proxy based on BeatHit game rank and track prominence.,"{""culture_category"":""video_game_music"",""video_game"":""Super Meat Boy"",""game_rank"":1413,""game_association_kind"":""khinsider_game_soundtrack"",""khinsider_album_url"":""https://downloads.khinsider.com/game-soundtracks/album/super-meat-boy-forever-original-soundtrack"",""khinsider_album_title"":""Super Meat Boy Forever Original Soundtrack (super-meat-boy-forever-original-soundtrack)"",""khinsider_album_kind"":""official_or_gamerip"",""khinsider_album_match_score"":100.0,""relevance_score_100"":100.0,""popularity_score_100"":41.93251216765022,""score_100"":76.7730048670601,""popularity_basis"":""BeatHit master-list game rank plus track position proxy""}"
60,It Ends (Ch 5 Light World),Unknown credited artist,[],Super Meat Boy! Digital Special Edition Soundtrack (super-meat-boy-digital-special-edition-soundtrack),,,"[""video game soundtrack""]","[""und""]",,,,Super Meat Boy,,,khinsider_track_prominence_proxy,41.93251216765022,score_0_100,,,,76.7730048670601,,,,https://downloads.khinsider.com/game-soundtracks/album/super-meat-boy-digital-special-edition-soundtrack,2026-10-05,Track title is taken from KHInsider's soundtrack/gamerip album index. Popularity is an explicitly labelled proxy based on BeatHit game rank and track prominence.,"{""culture_category"":""video_game_music"",""video_game"":""Super Meat Boy"",""game_rank"":1413,""game_association_kind"":""khinsider_game_soundtrack"",""khinsider_album_url"":""https://downloads.khinsider.com/game-soundtracks/album/super-meat-boy-digital-special-edition-soundtrack"",""khinsider_album_title"":""Super Meat Boy! Digital Special Edition Soundtrack (super-meat-boy-digital-special-edition-soundtrack)"",""khinsider_album_kind"":""official_or_gamerip"",""khinsider_album_match_score"":100.0,""relevance_score_100"":100.0,""popularity_score_100"":41.93251216765022,""score_100"":76.7730048670601,""popularity_basis"":""BeatHit master-list game rank plus track position proxy""}"
61,Ch2 Track Alt,Unknown credited artist,[],Super Meat Boy (super-meat-boy-2015-ps-vita-gamerip),,,"[""video game soundtrack""]","[""und""]",,,,Super Meat Boy,,,khinsider_track_prominence_proxy,41.72251216765022,score_0_100,,,,76.68900486706009,,,,https://downloads.khinsider.com/game-soundtracks/album/super-meat-boy-2015-ps-vita-gamerip,2026-10-05,Track title is taken from KHInsider's soundtrack/gamerip album index. Popularity is an explicitly labelled proxy based on BeatHit game rank and track prominence.,"{""culture_category"":""video_game_music"",""video_game"":""Super Meat Boy"",""game_rank"":1413,""game_association_kind"":""khinsider_game_soundtrack"",""khinsider_album_url"":""https://downloads.khinsider.com/game-soundtracks/album/super-meat-boy-2015-ps-vita-gamerip"",""khinsider_album_title"":""Super Meat Boy (super-meat-boy-2015-ps-vita-gamerip)"",""khinsider_album_kind"":""official_or_gamerip"",""khinsider_album_match_score"":100.0,""relevance_score_100"":100.0,""popularity_score_100"":41.72251216765022,""score_100"":76.68900486706009,""popularity_basis"":""BeatHit master-list game rank plus track position proxy""}"
62,Track 16,Unknown credited artist,[],Super Meat Boy Forever (super-meat-boy-forever-gamerip-2020),,,"[""video game soundtrack""]","[""und""]",,,,Super Meat Boy,,,khinsider_track_prominence_proxy,41.72251216765022,score_0_100,,,,76.68900486706009,,,,https://downloads.khinsider.com/game-soundtracks/album/super-meat-boy-forever-gamerip-2020,2026-10-05,Track title is taken from KHInsider's soundtrack/gamerip album index. Popularity is an explicitly labelled proxy based on BeatHit game rank and track prominence.,"{""culture_category"":""video_game_music"",""video_game"":""Super Meat Boy"",""game_rank"":1413,""game_association_kind"":""khinsider_game_soundtrack"",""khinsider_album_url"":""https://downloads.khinsider.com/game-soundtracks/album/super-meat-boy-forever-gamerip-2020"",""khinsider_album_title"":""Super Meat Boy Forever (super-meat-boy-forever-gamerip-2020)"",""khinsider_album_kind"":""official_or_gamerip"",""khinsider_album_match_score"":100.0,""relevance_score_100"":100.0,""popularity_score_100"":41.72251216765022,""score_100"":76.68900486706009,""popularity_basis"":""BeatHit master-list game rank plus track position proxy""}"
63,Don't Go Bacon My Heart - The Lab Dark World,Unknown credited artist,[],Super Meat Boy Forever Original Soundtrack (super-meat-boy-forever-original-soundtrack),,,"[""video game soundtrack""]","[""und""]",,,,Super Meat Boy,,,khinsider_track_prominence_proxy,41.72251216765022,score_0_100,,,,76.68900486706009,,,,https://downloads.khinsider.com/game-soundtracks/album/super-meat-boy-forever-original-soundtrack,2026-10-05,Track title is taken from KHInsider's soundtrack/gamerip album index. Popularity is an explicitly labelled proxy based on BeatHit game rank and track prominence.,"{""culture_category"":""video_game_music"",""video_game"":""Super Meat Boy"",""game_rank"":1413,""game_association_kind"":""khinsider_game_soundtrack"",""khinsider_album_url"":""https://downloads.khinsider.com/game-soundtracks/album/super-meat-boy-forever-original-soundtrack"",""khinsider_album_title"":""Super Meat Boy Forever Original Soundtrack (super-meat-boy-forever-original-soundtrack)"",""khinsider_album_kind"":""official_or_gamerip"",""khinsider_album_match_score"":100.0,""relevance_score_100"":100.0,""popularity_score_100"":41.72251216765022,""score_100"":76.68900486706009,""popularity_basis"":""BeatHit master-list game rank plus track position proxy""}"
64,Dr. Fetus' Castle (Ch 5 Dark World),Unknown credited artist,[],Super Meat Boy! Digital Special Edition Soundtrack (super-meat-boy-digital-special-edition-soundtrack),,,"[""video game soundtrack""]","[""und""]",,,,Super Meat Boy,,,khinsider_track_prominence_proxy,41.72251216765022,score_0_100,,,,76.68900486706009,,,,https://downloads.khinsider.com/game-soundtracks/album/super-meat-boy-digital-special-edition-soundtrack,2026-10-05,Track title is taken from KHInsider's soundtrack/gamerip album index. Popularity is an explicitly labelled proxy based on BeatHit game rank and track prominence.,"{""culture_category"":""video_game_music"",""video_game"":""Super Meat Boy"",""game_rank"":1413,""game_association_kind"":""khinsider_game_soundtrack"",""khinsider_album_url"":""https://downloads.khinsider.com/game-soundtracks/album/super-meat-boy-digital-special-edition-soundtrack"",""khinsider_album_title"":""Super Meat Boy! Digital Special Edition Soundtrack (super-meat-boy-digital-special-edition-soundtrack)"",""khinsider_album_kind"":""official_or_gamerip"",""khinsider_album_match_score"":100.0,""relevance_score_100"":100.0,""popularity_score_100"":41.72251216765022,""score_100"":76.68900486706009,""popularity_basis"":""BeatHit master-list game rank plus track position proxy""}"
65,Ch3 Outro Music,Unknown credited artist,[],Super Meat Boy (super-meat-boy-2015-ps-vita-gamerip),,,"[""video game soundtrack""]","[""und""]",,,,Super Meat Boy,,,khinsider_track_prominence_proxy,41.51251216765022,score_0_100,,,,76.60500486706009,,,,https://downloads.khinsider.com/game-soundtracks/album/super-meat-boy-2015-ps-vita-gamerip,2026-10-05,Track title is taken from KHInsider's soundtrack/gamerip album index. Popularity is an explicitly labelled proxy based on BeatHit game rank and track prominence.,"{""culture_category"":""video_game_music"",""video_game"":""Super Meat Boy"",""game_rank"":1413,""game_association_kind"":""khinsider_game_soundtrack"",""khinsider_album_url"":""https://downloads.khinsider.com/game-soundtracks/album/super-meat-boy-2015-ps-vita-gamerip"",""khinsider_album_title"":""Super Meat Boy (super-meat-boy-2015-ps-vita-gamerip)"",""khinsider_album_kind"":""official_or_gamerip"",""khinsider_album_match_score"":100.0,""relevance_score_100"":100.0,""popularity_score_100"":41.51251216765022,""score_100"":76.60500486706009,""popularity_basis"":""BeatHit master-list game rank plus track position proxy""}"
66,Track 17,Unknown credited artist,[],Super Meat Boy Forever (super-meat-boy-forever-gamerip-2020),,,"[""video game soundtrack""]","[""und""]",,,,Super Meat Boy,,,khinsider_track_prominence_proxy,41.51251216765022,score_0_100,,,,76.60500486706009,,,,https://downloads.khinsider.com/game-soundtracks/album/super-meat-boy-forever-gamerip-2020,2026-10-05,Track title is taken from KHInsider's soundtrack/gamerip album index. Popularity is an explicitly labelled proxy based on BeatHit game rank and track prominence.,"{""culture_category"":""video_game_music"",""video_game"":""Super Meat Boy"",""game_rank"":1413,""game_association_kind"":""khinsider_game_soundtrack"",""khinsider_album_url"":""https://downloads.khinsider.com/game-soundtracks/album/super-meat-boy-forever-gamerip-2020"",""khinsider_album_title"":""Super Meat Boy Forever (super-meat-boy-forever-gamerip-2020)"",""khinsider_album_kind"":""official_or_gamerip"",""khinsider_album_match_score"":100.0,""relevance_score_100"":100.0,""popularity_score_100"":41.51251216765022,""score_100"":76.60500486706009,""popularity_basis"":""BeatHit master-list game rank plus track position proxy""}"
67,Jerky - Dr. Fetus Fight,Unknown credited artist,[],Super Meat Boy Forever Original Soundtrack (super-meat-boy-forever-original-soundtrack),,,"[""video game soundtrack""]","[""und""]",,,,Super Meat Boy,,,khinsider_track_prominence_proxy,41.51251216765022,score_0_100,,,,76.60500486706009,,,,https://downloads.khinsider.com/game-soundtracks/album/super-meat-boy-forever-original-soundtrack,2026-10-05,Track title is taken from KHInsider's soundtrack/gamerip album index. Popularity is an explicitly labelled proxy based on BeatHit game rank and track prominence.,"{""culture_category"":""video_game_music"",""video_game"":""Super Meat Boy"",""game_rank"":1413,""game_association_kind"":""khinsider_game_soundtrack"",""khinsider_album_url"":""https://downloads.khinsider.com/game-soundtracks/album/super-meat-boy-forever-original-soundtrack"",""khinsider_album_title"":""Super Meat Boy Forever Original Soundtrack (super-meat-boy-forever-original-soundtrack)"",""khinsider_album_kind"":""official_or_gamerip"",""khinsider_album_match_score"":100.0,""relevance_score_100"":100.0,""popularity_score_100"":41.51251216765022,""score_100"":76.60500486706009,""popularity_basis"":""BeatHit master-list game rank plus track position proxy""}"
68,Larries' Lament (Ch 5 Boss),Unknown credited artist,[],Super Meat Boy! Digital Special Edition Soundtrack (super-meat-boy-digital-special-edition-soundtrack),,,"[""video game soundtrack""]","[""und""]",,,,Super Meat Boy,,,khinsider_track_prominence_proxy,41.51251216765022,score_0_100,,,,76.60500486706009,,,,https://downloads.khinsider.com/game-soundtracks/album/super-meat-boy-digital-special-edition-soundtrack,2026-10-05,Track title is taken from KHInsider's soundtrack/gamerip album index. Popularity is an explicitly labelled proxy based on BeatHit game rank and track prominence.,"{""culture_category"":""video_game_music"",""video_game"":""Super Meat Boy"",""game_rank"":1413,""game_association_kind"":""khinsider_game_soundtrack"",""khinsider_album_url"":""https://downloads.khinsider.com/game-soundtracks/album/super-meat-boy-digital-special-edition-soundtrack"",""khinsider_album_title"":""Super Meat Boy! Digital Special Edition Soundtrack (super-meat-boy-digital-special-edition-soundtrack)"",""khinsider_album_kind"":""official_or_gamerip"",""khinsider_album_match_score"":100.0,""relevance_score_100"":100.0,""popularity_score_100"":41.51251216765022,""score_100"":76.60500486706009,""popularity_basis"":""BeatHit master-list game rank plus track position proxy""}"
69,Ch4 Outro Music,Unknown credited artist,[],Super Meat Boy (super-meat-boy-2015-ps-vita-gamerip),,,"[""video game soundtrack""]","[""und""]",,,,Super Meat Boy,,,khinsider_track_prominence_proxy,41.30251216765022,score_0_100,,,,76.52100486706009,,,,https://downloads.khinsider.com/game-soundtracks/album/super-meat-boy-2015-ps-vita-gamerip,2026-10-05,Track title is taken from KHInsider's soundtrack/gamerip album index. Popularity is an explicitly labelled proxy based on BeatHit game rank and track prominence.,"{""culture_category"":""video_game_music"",""video_game"":""Super Meat Boy"",""game_rank"":1413,""game_association_kind"":""khinsider_game_soundtrack"",""khinsider_album_url"":""https://downloads.khinsider.com/game-soundtracks/album/super-meat-boy-2015-ps-vita-gamerip"",""khinsider_album_title"":""Super Meat Boy (super-meat-boy-2015-ps-vita-gamerip)"",""khinsider_album_kind"":""official_or_gamerip"",""khinsider_album_match_score"":100.0,""relevance_score_100"":100.0,""popularity_score_100"":41.30251216765022,""score_100"":76.52100486706009,""popularity_basis"":""BeatHit master-list game rank plus track position proxy""}"
70,Track 18,Unknown credited artist,[],Super Meat Boy Forever (super-meat-boy-forever-gamerip-2020),,,"[""video game soundtrack""]","[""und""]",,,,Super Meat Boy,,,khinsider_track_prominence_proxy,41.30251216765022,score_0_100,,,,76.52100486706009,,,,https://downloads.khinsider.com/game-soundtracks/album/super-meat-boy-forever-gamerip-2020,2026-10-05,Track title is taken from KHInsider's soundtrack/gamerip album index. Popularity is an explicitly labelled proxy based on BeatHit game rank and track prominence.,"{""culture_category"":""video_game_music"",""video_game"":""Super Meat Boy"",""game_rank"":1413,""game_association_kind"":""khinsider_game_soundtrack"",""khinsider_album_url"":""https://downloads.khinsider.com/game-soundtracks/album/super-meat-boy-forever-gamerip-2020"",""khinsider_album_title"":""Super Meat Boy Forever (super-meat-boy-forever-gamerip-2020)"",""khinsider_album_kind"":""official_or_gamerip"",""khinsider_album_match_score"":100.0,""relevance_score_100"":100.0,""popularity_score_100"":41.30251216765022,""score_100"":76.52100486706009,""popularity_basis"":""BeatHit master-list game rank plus track position proxy""}"
71,Trudger,Unknown credited artist,[],Super Meat Boy Forever Original Soundtrack (super-meat-boy-forever-original-soundtrack),,,"[""video game soundtrack""]","[""und""]",,,,Super Meat Boy,,,khinsider_track_prominence_proxy,41.30251216765022,score_0_100,,,,76.52100486706009,,,,https://downloads.khinsider.com/game-soundtracks/album/super-meat-boy-forever-original-soundtrack,2026-10-05,Track title is taken from KHInsider's soundtrack/gamerip album index. Popularity is an explicitly labelled proxy based on BeatHit game rank and track prominence.,"{""culture_category"":""video_game_music"",""video_game"":""Super Meat Boy"",""game_rank"":1413,""game_association_kind"":""khinsider_game_soundtrack"",""khinsider_album_url"":""https://downloads.khinsider.com/game-soundtracks/album/super-meat-boy-forever-original-soundtrack"",""khinsider_album_title"":""Super Meat Boy Forever Original Soundtrack (super-meat-boy-forever-original-soundtrack)"",""khinsider_album_kind"":""official_or_gamerip"",""khinsider_album_match_score"":100.0,""relevance_score_100"":100.0,""popularity_score_100"":41.30251216765022,""score_100"":76.52100486706009,""popularity_basis"":""BeatHit master-list game rank plus track position proxy""}"
72,It Ends 2 End Harder (Ch 6 Levels),Unknown credited artist,[],Super Meat Boy! Digital Special Edition Soundtrack (super-meat-boy-digital-special-edition-soundtrack),,,"[""video game soundtrack""]","[""und""]",,,,Super Meat Boy,,,khinsider_track_prominence_proxy,41.30251216765022,score_0_100,,,,76.52100486706009,,,,https://downloads.khinsider.com/game-soundtracks/album/super-meat-boy-digital-special-edition-soundtrack,2026-10-05,Track title is taken from KHInsider's soundtrack/gamerip album index. Popularity is an explicitly labelled proxy based on BeatHit game rank and track prominence.,"{""culture_category"":""video_game_music"",""video_game"":""Super Meat Boy"",""game_rank"":1413,""game_association_kind"":""khinsider_game_soundtrack"",""khinsider_album_url"":""https://downloads.khinsider.com/game-soundtracks/album/super-meat-boy-digital-special-edition-soundtrack"",""khinsider_album_title"":""Super Meat Boy! Digital Special Edition Soundtrack (super-meat-boy-digital-special-edition-soundtrack)"",""khinsider_album_kind"":""official_or_gamerip"",""khinsider_album_match_score"":100.0,""relevance_score_100"":100.0,""popularity_score_100"":41.30251216765022,""score_100"":76.52100486706009,""popularity_basis"":""BeatHit master-list game rank plus track position proxy""}"
73,Ch5,Unknown credited artist,[],Super Meat Boy (super-meat-boy-2015-ps-vita-gamerip),,,"[""video game soundtrack""]","[""und""]",,,,Super Meat Boy,,,khinsider_track_prominence_proxy,41.09251216765023,score_0_100,,,,76.4370048670601,,,,https://downloads.khinsider.com/game-soundtracks/album/super-meat-boy-2015-ps-vita-gamerip,2026-10-05,Track title is taken from KHInsider's soundtrack/gamerip album index. Popularity is an explicitly labelled proxy based on BeatHit game rank and track prominence.,"{""culture_category"":""video_game_music"",""video_game"":""Super Meat Boy"",""game_rank"":1413,""game_association_kind"":""khinsider_game_soundtrack"",""khinsider_album_url"":""https://downloads.khinsider.com/game-soundtracks/album/super-meat-boy-2015-ps-vita-gamerip"",""khinsider_album_title"":""Super Meat Boy (super-meat-boy-2015-ps-vita-gamerip)"",""khinsider_album_kind"":""official_or_gamerip"",""khinsider_album_match_score"":100.0,""relevance_score_100"":100.0,""popularity_score_100"":41.09251216765023,""score_100"":76.4370048670601,""popularity_basis"":""BeatHit master-list game rank plus track position proxy""}"
74,Track 19,Unknown credited artist,[],Super Meat Boy Forever (super-meat-boy-forever-gamerip-2020),,,"[""video game soundtrack""]","[""und""]",,,,Super Meat Boy,,,khinsider_track_prominence_proxy,41.09251216765023,score_0_100,,,,76.4370048670601,,,,https://downloads.khinsider.com/game-soundtracks/album/super-meat-boy-forever-gamerip-2020,2026-10-05,Track title is taken from KHInsider's soundtrack/gamerip album index. Popularity is an explicitly labelled proxy based on BeatHit game rank and track prominence.,"{""culture_category"":""video_game_music"",""video_game"":""Super Meat Boy"",""game_rank"":1413,""game_association_kind"":""khinsider_game_soundtrack"",""khinsider_album_url"":""https://downloads.khinsider.com/game-soundtracks/album/super-meat-boy-forever-gamerip-2020"",""khinsider_album_title"":""Super Meat Boy Forever (super-meat-boy-forever-gamerip-2020)"",""khinsider_album_kind"":""official_or_gamerip"",""khinsider_album_match_score"":100.0,""relevance_score_100"":100.0,""popularity_score_100"":41.09251216765023,""score_100"":76.4370048670601,""popularity_basis"":""BeatHit master-list game rank plus track position proxy""}"
75,Out Of Thyme - End Of Time Light World,Unknown credited artist,[],Super Meat Boy Forever Original Soundtrack (super-meat-boy-forever-original-soundtrack),,,"[""video game soundtrack""]","[""und""]",,,,Super Meat Boy,,,khinsider_track_prominence_proxy,41.09251216765023,score_0_100,,,,76.4370048670601,,,,https://downloads.khinsider.com/game-soundtracks/album/super-meat-boy-forever-original-soundtrack,2026-10-05,Track title is taken from KHInsider's soundtrack/gamerip album index. Popularity is an explicitly labelled proxy based on BeatHit game rank and track prominence.,"{""culture_category"":""video_game_music"",""video_game"":""Super Meat Boy"",""game_rank"":1413,""game_association_kind"":""khinsider_game_soundtrack"",""khinsider_album_url"":""https://downloads.khinsider.com/game-soundtracks/album/super-meat-boy-forever-original-soundtrack"",""khinsider_album_title"":""Super Meat Boy Forever Original Soundtrack (super-meat-boy-forever-original-soundtrack)"",""khinsider_album_kind"":""official_or_gamerip"",""khinsider_album_match_score"":100.0,""relevance_score_100"":100.0,""popularity_score_100"":41.09251216765023,""score_100"":76.4370048670601,""popularity_basis"":""BeatHit master-list game rank plus track position proxy""}"
76,Carmeaty Burana (Ch 6 Boss),Unknown credited artist,[],Super Meat Boy! Digital Special Edition Soundtrack (super-meat-boy-digital-special-edition-soundtrack),,,"[""video game soundtrack""]","[""und""]",,,,Super Meat Boy,,,khinsider_track_prominence_proxy,41.09251216765023,score_0_100,,,,76.4370048670601,,,,https://downloads.khinsider.com/game-soundtracks/album/super-meat-boy-digital-special-edition-soundtrack,2026-10-05,Track title is taken from KHInsider's soundtrack/gamerip album index. Popularity is an explicitly labelled proxy based on BeatHit game rank and track prominence.,"{""culture_category"":""video_game_music"",""video_game"":""Super Meat Boy"",""game_rank"":1413,""game_association_kind"":""khinsider_game_soundtrack"",""khinsider_album_url"":""https://downloads.khinsider.com/game-soundtracks/album/super-meat-boy-digital-special-edition-soundtrack"",""khinsider_album_title"":""Super Meat Boy! Digital Special Edition Soundtrack (super-meat-boy-digital-special-edition-soundtrack)"",""khinsider_album_kind"":""official_or_gamerip"",""khinsider_album_match_score"":100.0,""relevance_score_100"":100.0,""popularity_score_100"":41.09251216765023,""score_100"":76.4370048670601,""popularity_basis"":""BeatHit master-list game rank plus track position proxy""}"
77,Ch5 Alt,Unknown credited artist,[],Super Meat Boy (super-meat-boy-2015-ps-vita-gamerip),,,"[""video game soundtrack""]","[""und""]",,,,Super Meat Boy,,,khinsider_track_prominence_proxy,40.882512167650226,score_0_100,,,,76.3530048670601,,,,https://downloads.khinsider.com/game-soundtracks/album/super-meat-boy-2015-ps-vita-gamerip,2026-10-05,Track title is taken from KHInsider's soundtrack/gamerip album index. Popularity is an explicitly labelled proxy based on BeatHit game rank and track prominence.,"{""culture_category"":""video_game_music"",""video_game"":""Super Meat Boy"",""game_rank"":1413,""game_association_kind"":""khinsider_game_soundtrack"",""khinsider_album_url"":""https://downloads.khinsider.com/game-soundtracks/album/super-meat-boy-2015-ps-vita-gamerip"",""khinsider_album_title"":""Super Meat Boy (super-meat-boy-2015-ps-vita-gamerip)"",""khinsider_album_kind"":""official_or_gamerip"",""khinsider_album_match_score"":100.0,""relevance_score_100"":100.0,""popularity_score_100"":40.882512167650226,""score_100"":76.3530048670601,""popularity_basis"":""BeatHit master-list game rank plus track position proxy""}"
78,Track 20,Unknown credited artist,[],Super Meat Boy Forever (super-meat-boy-forever-gamerip-2020),,,"[""video game soundtrack""]","[""und""]",,,,Super Meat Boy,,,khinsider_track_prominence_proxy,40.882512167650226,score_0_100,,,,76.3530048670601,,,,https://downloads.khinsider.com/game-soundtracks/album/super-meat-boy-forever-gamerip-2020,2026-10-05,Track title is taken from KHInsider's soundtrack/gamerip album index. Popularity is an explicitly labelled proxy based on BeatHit game rank and track prominence.,"{""culture_category"":""video_game_music"",""video_game"":""Super Meat Boy"",""game_rank"":1413,""game_association_kind"":""khinsider_game_soundtrack"",""khinsider_album_url"":""https://downloads.khinsider.com/game-soundtracks/album/super-meat-boy-forever-gamerip-2020"",""khinsider_album_title"":""Super Meat Boy Forever (super-meat-boy-forever-gamerip-2020)"",""khinsider_album_kind"":""official_or_gamerip"",""khinsider_album_match_score"":100.0,""relevance_score_100"":100.0,""popularity_score_100"":40.882512167650226,""score_100"":76.3530048670601,""popularity_basis"":""BeatHit master-list game rank plus track position proxy""}"
79,Make No Misteak  - End Of Time Dark World,Unknown credited artist,[],Super Meat Boy Forever Original Soundtrack (super-meat-boy-forever-original-soundtrack),,,"[""video game soundtrack""]","[""und""]",,,,Super Meat Boy,,,khinsider_track_prominence_proxy,40.882512167650226,score_0_100,,,,76.3530048670601,,,,https://downloads.khinsider.com/game-soundtracks/album/super-meat-boy-forever-original-soundtrack,2026-10-05,Track title is taken from KHInsider's soundtrack/gamerip album index. Popularity is an explicitly labelled proxy based on BeatHit game rank and track prominence.,"{""culture_category"":""video_game_music"",""video_game"":""Super Meat Boy"",""game_rank"":1413,""game_association_kind"":""khinsider_game_soundtrack"",""khinsider_album_url"":""https://downloads.khinsider.com/game-soundtracks/album/super-meat-boy-forever-original-soundtrack"",""khinsider_album_title"":""Super Meat Boy Forever Original Soundtrack (super-meat-boy-forever-original-soundtrack)"",""khinsider_album_kind"":""official_or_gamerip"",""khinsider_album_match_score"":100.0,""relevance_score_100"":100.0,""popularity_score_100"":40.882512167650226,""score_100"":76.3530048670601,""popularity_basis"":""BeatHit master-list game rank plus track position proxy""}"
80,Ch5 Hard,Unknown credited artist,[],Super Meat Boy (super-meat-boy-2015-ps-vita-gamerip),,,"[""video game soundtrack""]","[""und""]",,,,Super Meat Boy,,,khinsider_track_prominence_proxy,40.672512167650225,score_0_100,,,,76.26900486706009,,,,https://downloads.khinsider.com/game-soundtracks/album/super-meat-boy-2015-ps-vita-gamerip,2026-10-05,Track title is taken from KHInsider's soundtrack/gamerip album index. Popularity is an explicitly labelled proxy based on BeatHit game rank and track prominence.,"{""culture_category"":""video_game_music"",""video_game"":""Super Meat Boy"",""game_rank"":1413,""game_association_kind"":""khinsider_game_soundtrack"",""khinsider_album_url"":""https://downloads.khinsider.com/game-soundtracks/album/super-meat-boy-2015-ps-vita-gamerip"",""khinsider_album_title"":""Super Meat Boy (super-meat-boy-2015-ps-vita-gamerip)"",""khinsider_album_kind"":""official_or_gamerip"",""khinsider_album_match_score"":100.0,""relevance_score_100"":100.0,""popularity_score_100"":40.672512167650225,""score_100"":76.26900486706009,""popularity_basis"":""BeatHit master-list game rank plus track position proxy""}"
81,Track 21,Unknown credited artist,[],Super Meat Boy Forever (super-meat-boy-forever-gamerip-2020),,,"[""video game soundtrack""]","[""und""]",,,,Super Meat Boy,,,khinsider_track_prominence_proxy,40.672512167650225,score_0_100,,,,76.26900486706009,,,,https://downloads.khinsider.com/game-soundtracks/album/super-meat-boy-forever-gamerip-2020,2026-10-05,Track title is taken from KHInsider's soundtrack/gamerip album index. Popularity is an explicitly labelled proxy based on BeatHit game rank and track prominence.,"{""culture_category"":""video_game_music"",""video_game"":""Super Meat Boy"",""game_rank"":1413,""game_association_kind"":""khinsider_game_soundtrack"",""khinsider_album_url"":""https://downloads.khinsider.com/game-soundtracks/album/super-meat-boy-forever-gamerip-2020"",""khinsider_album_title"":""Super Meat Boy Forever (super-meat-boy-forever-gamerip-2020)"",""khinsider_album_kind"":""official_or_gamerip"",""khinsider_album_match_score"":100.0,""relevance_score_100"":100.0,""popularity_score_100"":40.672512167650225,""score_100"":76.26900486706009,""popularity_basis"":""BeatHit master-list game rank plus track position proxy""}"
82,Wurst Case Scenario - God Fetus Boss,Unknown credited artist,[],Super Meat Boy Forever Original Soundtrack (super-meat-boy-forever-original-soundtrack),,,"[""video game soundtrack""]","[""und""]",,,,Super Meat Boy,,,khinsider_track_prominence_proxy,40.672512167650225,score_0_100,,,,76.26900486706009,,,,https://downloads.khinsider.com/game-soundtracks/album/super-meat-boy-forever-original-soundtrack,2026-10-05,Track title is taken from KHInsider's soundtrack/gamerip album index. Popularity is an explicitly labelled proxy based on BeatHit game rank and track prominence.,"{""culture_category"":""video_game_music"",""video_game"":""Super Meat Boy"",""game_rank"":1413,""game_association_kind"":""khinsider_game_soundtrack"",""khinsider_album_url"":""https://downloads.khinsider.com/game-soundtracks/album/super-meat-boy-forever-original-soundtrack"",""khinsider_album_title"":""Super Meat Boy Forever Original Soundtrack (super-meat-boy-forever-original-soundtrack)"",""khinsider_album_kind"":""official_or_gamerip"",""khinsider_album_match_score"":100.0,""relevance_score_100"":100.0,""popularity_score_100"":40.672512167650225,""score_100"":76.26900486706009,""popularity_basis"":""BeatHit master-list game rank plus track position proxy""}"
83,End Credits,Unknown credited artist,[],Super Meat Boy! Digital Special Edition Soundtrack (super-meat-boy-digital-special-edition-soundtrack),,,"[""video game soundtrack""]","[""und""]",,,,Super Meat Boy,,,khinsider_track_prominence_proxy,40.672512167650225,score_0_100,,,,76.26900486706009,,,,https://downloads.khinsider.com/game-soundtracks/album/super-meat-boy-digital-special-edition-soundtrack,2026-10-05,Track title is taken from KHInsider's soundtrack/gamerip album index. Popularity is an explicitly labelled proxy based on BeatHit game rank and track prominence.,"{""culture_category"":""video_game_music"",""video_game"":""Super Meat Boy"",""game_rank"":1413,""game_association_kind"":""khinsider_game_soundtrack"",""khinsider_album_url"":""https://downloads.khinsider.com/game-soundtracks/album/super-meat-boy-digital-special-edition-soundtrack"",""khinsider_album_title"":""Super Meat Boy! Digital Special Edition Soundtrack (super-meat-boy-digital-special-edition-soundtrack)"",""khinsider_album_kind"":""official_or_gamerip"",""khinsider_album_match_score"":100.0,""relevance_score_100"":100.0,""popularity_score_100"":40.672512167650225,""score_100"":76.26900486706009,""popularity_basis"":""BeatHit master-list game rank plus track position proxy""}"
84,Ch5 Menu,Unknown credited artist,[],Super Meat Boy (super-meat-boy-2015-ps-vita-gamerip),,,"[""video game soundtrack""]","[""und""]",,,,Super Meat Boy,,,khinsider_track_prominence_proxy,40.462512167650225,score_0_100,,,,76.18500486706009,,,,https://downloads.khinsider.com/game-soundtracks/album/super-meat-boy-2015-ps-vita-gamerip,2026-10-05,Track title is taken from KHInsider's soundtrack/gamerip album index. Popularity is an explicitly labelled proxy based on BeatHit game rank and track prominence.,"{""culture_category"":""video_game_music"",""video_game"":""Super Meat Boy"",""game_rank"":1413,""game_association_kind"":""khinsider_game_soundtrack"",""khinsider_album_url"":""https://downloads.khinsider.com/game-soundtracks/album/super-meat-boy-2015-ps-vita-gamerip"",""khinsider_album_title"":""Super Meat Boy (super-meat-boy-2015-ps-vita-gamerip)"",""khinsider_album_kind"":""official_or_gamerip"",""khinsider_album_match_score"":100.0,""relevance_score_100"":100.0,""popularity_score_100"":40.462512167650225,""score_100"":76.18500486706009,""popularity_basis"":""BeatHit master-list game rank plus track position proxy""}"
85,Track 22,Unknown credited artist,[],Super Meat Boy Forever (super-meat-boy-forever-gamerip-2020),,,"[""video game soundtrack""]","[""und""]",,,,Super Meat Boy,,,khinsider_track_prominence_proxy,40.462512167650225,score_0_100,,,,76.18500486706009,,,,https://downloads.khinsider.com/game-soundtracks/album/super-meat-boy-forever-gamerip-2020,2026-10-05,Track title is taken from KHInsider's soundtrack/gamerip album index. Popularity is an explicitly labelled proxy based on BeatHit game rank and track prominence.,"{""culture_category"":""video_game_music"",""video_game"":""Super Meat Boy"",""game_rank"":1413,""game_association_kind"":""khinsider_game_soundtrack"",""khinsider_album_url"":""https://downloads.khinsider.com/game-soundtracks/album/super-meat-boy-forever-gamerip-2020"",""khinsider_album_title"":""Super Meat Boy Forever (super-meat-boy-forever-gamerip-2020)"",""khinsider_album_kind"":""official_or_gamerip"",""khinsider_album_match_score"":100.0,""relevance_score_100"":100.0,""popularity_score_100"":40.462512167650225,""score_100"":76.18500486706009,""popularity_basis"":""BeatHit master-list game rank plus track position proxy""}"
86,Glisters,Unknown credited artist,[],Super Meat Boy Forever Original Soundtrack (super-meat-boy-forever-original-soundtrack),,,"[""video game soundtrack""]","[""und""]",,,,Super Meat Boy,,,khinsider_track_prominence_proxy,40.462512167650225,score_0_100,,,,76.18500486706009,,,,https://downloads.khinsider.com/game-soundtracks/album/super-meat-boy-forever-original-soundtrack,2026-10-05,Track title is taken from KHInsider's soundtrack/gamerip album index. Popularity is an explicitly labelled proxy based on BeatHit game rank and track prominence.,"{""culture_category"":""video_game_music"",""video_game"":""Super Meat Boy"",""game_rank"":1413,""game_association_kind"":""khinsider_game_soundtrack"",""khinsider_album_url"":""https://downloads.khinsider.com/game-soundtracks/album/super-meat-boy-forever-original-soundtrack"",""khinsider_album_title"":""Super Meat Boy Forever Original Soundtrack (super-meat-boy-forever-original-soundtrack)"",""khinsider_album_kind"":""official_or_gamerip"",""khinsider_album_match_score"":100.0,""relevance_score_100"":100.0,""popularity_score_100"":40.462512167650225,""score_100"":76.18500486706009,""popularity_basis"":""BeatHit master-list game rank plus track position proxy""}"
87,McLarty Party People (Ch 7 Levels),Unknown credited artist,[],Super Meat Boy! Digital Special Edition Soundtrack (super-meat-boy-digital-special-edition-soundtrack),,,"[""video game soundtrack""]","[""und""]",,,,Super Meat Boy,,,khinsider_track_prominence_proxy,40.462512167650225,score_0_100,,,,76.18500486706009,,,,https://downloads.khinsider.com/game-soundtracks/album/super-meat-boy-digital-special-edition-soundtrack,2026-10-05,Track title is taken from KHInsider's soundtrack/gamerip album index. Popularity is an explicitly labelled proxy based on BeatHit game rank and track prominence.,"{""culture_category"":""video_game_music"",""video_game"":""Super Meat Boy"",""game_rank"":1413,""game_association_kind"":""khinsider_game_soundtrack"",""khinsider_album_url"":""https://downloads.khinsider.com/game-soundtracks/album/super-meat-boy-digital-special-edition-soundtrack"",""khinsider_album_title"":""Super Meat Boy! Digital Special Edition Soundtrack (super-meat-boy-digital-special-edition-soundtrack)"",""khinsider_album_kind"":""official_or_gamerip"",""khinsider_album_match_score"":100.0,""relevance_score_100"":100.0,""popularity_score_100"":40.462512167650225,""score_100"":76.18500486706009,""popularity_basis"":""BeatHit master-list game rank plus track position proxy""}"
88,dB soundworks - Boy Meats Girl (Intro Movie),Unknown credited artist,[],Super Meat Boy BSO (super-meat-boy-bso),,,"[""video game soundtrack""]","[""und""]",,,,Super Meat Boy,,,khinsider_track_prominence_proxy,44.87251216765023,score_0_100,,,,76.14900486706009,,,,https://downloads.khinsider.com/game-soundtracks/album/super-meat-boy-bso,2026-10-05,Track title is taken from KHInsider's soundtrack/gamerip album index. Popularity is an explicitly labelled proxy based on BeatHit game rank and track prominence.,"{""culture_category"":""video_game_music"",""video_game"":""Super Meat Boy"",""game_rank"":1413,""game_association_kind"":""khinsider_game_soundtrack"",""khinsider_album_url"":""https://downloads.khinsider.com/game-soundtracks/album/super-meat-boy-bso"",""khinsider_album_title"":""Super Meat Boy BSO (super-meat-boy-bso)"",""khinsider_album_kind"":""unclassified_game_album"",""khinsider_album_match_score"":100.0,""relevance_score_100"":97.0,""popularity_score_100"":44.87251216765023,""score_100"":76.14900486706009,""popularity_basis"":""BeatHit master-list game rank plus track position proxy""}"
89,Ch5 Menu Hard,Unknown credited artist,[],Super Meat Boy (super-meat-boy-2015-ps-vita-gamerip),,,"[""video game soundtrack""]","[""und""]",,,,Super Meat Boy,,,khinsider_track_prominence_proxy,40.252512167650224,score_0_100,,,,76.10100486706008,,,,https://downloads.khinsider.com/game-soundtracks/album/super-meat-boy-2015-ps-vita-gamerip,2026-10-05,Track title is taken from KHInsider's soundtrack/gamerip album index. Popularity is an explicitly labelled proxy based on BeatHit game rank and track prominence.,"{""culture_category"":""video_game_music"",""video_game"":""Super Meat Boy"",""game_rank"":1413,""game_association_kind"":""khinsider_game_soundtrack"",""khinsider_album_url"":""https://downloads.khinsider.com/game-soundtracks/album/super-meat-boy-2015-ps-vita-gamerip"",""khinsider_album_title"":""Super Meat Boy (super-meat-boy-2015-ps-vita-gamerip)"",""khinsider_album_kind"":""official_or_gamerip"",""khinsider_album_match_score"":100.0,""relevance_score_100"":100.0,""popularity_score_100"":40.252512167650224,""score_100"":76.10100486706008,""popularity_basis"":""BeatHit master-list game rank plus track position proxy""}"
90,ch5retro music,Unknown credited artist,[],Super Meat Boy (super-meat-boy-gamerip),,,"[""video game soundtrack""]","[""und""]",,,,Super Meat Boy,,,khinsider_track_prominence_proxy,40.252512167650224,score_0_100,,,,76.10100486706008,,,,https://downloads.khinsider.com/game-soundtracks/album/super-meat-boy-gamerip,2026-10-05,Track title is taken from KHInsider's soundtrack/gamerip album index. Popularity is an explicitly labelled proxy based on BeatHit game rank and track prominence.,"{""culture_category"":""video_game_music"",""video_game"":""Super Meat Boy"",""game_rank"":1413,""game_association_kind"":""khinsider_game_soundtrack"",""khinsider_album_url"":""https://downloads.khinsider.com/game-soundtracks/album/super-meat-boy-gamerip"",""khinsider_album_title"":""Super Meat Boy (super-meat-boy-gamerip)"",""khinsider_album_kind"":""official_or_gamerip"",""khinsider_album_match_score"":100.0,""relevance_score_100"":100.0,""popularity_score_100"":40.252512167650224,""score_100"":76.10100486706008,""popularity_basis"":""BeatHit master-list game rank plus track position proxy""}"
91,Track 23,Unknown credited artist,[],Super Meat Boy Forever (super-meat-boy-forever-gamerip-2020),,,"[""video game soundtrack""]","[""und""]",,,,Super Meat Boy,,,khinsider_track_prominence_proxy,40.252512167650224,score_0_100,,,,76.10100486706008,,,,https://downloads.khinsider.com/game-soundtracks/album/super-meat-boy-forever-gamerip-2020,2026-10-05,Track title is taken from KHInsider's soundtrack/gamerip album index. Popularity is an explicitly labelled proxy based on BeatHit game rank and track prominence.,"{""culture_category"":""video_game_music"",""video_game"":""Super Meat Boy"",""game_rank"":1413,""game_association_kind"":""khinsider_game_soundtrack"",""khinsider_album_url"":""https://downloads.khinsider.com/game-soundtracks/album/super-meat-boy-forever-gamerip-2020"",""khinsider_album_title"":""Super Meat Boy Forever (super-meat-boy-forever-gamerip-2020)"",""khinsider_album_kind"":""official_or_gamerip"",""khinsider_album_match_score"":100.0,""relevance_score_100"":100.0,""popularity_score_100"":40.252512167650224,""score_100"":76.10100486706008,""popularity_basis"":""BeatHit master-list game rank plus track position proxy""}"
92,Clutch - Glitch Light World,Unknown credited artist,[],Super Meat Boy Forever Original Soundtrack (super-meat-boy-forever-original-soundtrack),,,"[""video game soundtrack""]","[""und""]",,,,Super Meat Boy,,,khinsider_track_prominence_proxy,40.252512167650224,score_0_100,,,,76.10100486706008,,,,https://downloads.khinsider.com/game-soundtracks/album/super-meat-boy-forever-original-soundtrack,2026-10-05,Track title is taken from KHInsider's soundtrack/gamerip album index. Popularity is an explicitly labelled proxy based on BeatHit game rank and track prominence.,"{""culture_category"":""video_game_music"",""video_game"":""Super Meat Boy"",""game_rank"":1413,""game_association_kind"":""khinsider_game_soundtrack"",""khinsider_album_url"":""https://downloads.khinsider.com/game-soundtracks/album/super-meat-boy-forever-original-soundtrack"",""khinsider_album_title"":""Super Meat Boy Forever Original Soundtrack (super-meat-boy-forever-original-soundtrack)"",""khinsider_album_kind"":""official_or_gamerip"",""khinsider_album_match_score"":100.0,""relevance_score_100"":100.0,""popularity_score_100"":40.252512167650224,""score_100"":76.10100486706008,""popularity_basis"":""BeatHit master-list game rank plus track position proxy""}"
93,Meat Spin (Teh Internets Levels),Unknown credited artist,[],Super Meat Boy! Digital Special Edition Soundtrack (super-meat-boy-digital-special-edition-soundtrack),,,"[""video game soundtrack""]","[""und""]",,,,Super Meat Boy,,,khinsider_track_prominence_proxy,40.252512167650224,score_0_100,,,,76.10100486706008,,,,https://downloads.khinsider.com/game-soundtracks/album/super-meat-boy-digital-special-edition-soundtrack,2026-10-05,Track title is taken from KHInsider's soundtrack/gamerip album index. Popularity is an explicitly labelled proxy based on BeatHit game rank and track prominence.,"{""culture_category"":""video_game_music"",""video_game"":""Super Meat Boy"",""game_rank"":1413,""game_association_kind"":""khinsider_game_soundtrack"",""khinsider_album_url"":""https://downloads.khinsider.com/game-soundtracks/album/super-meat-boy-digital-special-edition-soundtrack"",""khinsider_album_title"":""Super Meat Boy! Digital Special Edition Soundtrack (super-meat-boy-digital-special-edition-soundtrack)"",""khinsider_album_kind"":""official_or_gamerip"",""khinsider_album_match_score"":100.0,""relevance_score_100"":100.0,""popularity_score_100"":40.252512167650224,""score_100"":76.10100486706008,""popularity_basis"":""BeatHit master-list game rank plus track position proxy""}"
94,dB soundworks - Super Meat Boy! (Main Theme),Unknown credited artist,[],Super Meat Boy BSO (super-meat-boy-bso),,,"[""video game soundtrack""]","[""und""]",,,,Super Meat Boy,,,khinsider_track_prominence_proxy,44.66251216765022,score_0_100,,,,76.06500486706008,,,,https://downloads.khinsider.com/game-soundtracks/album/super-meat-boy-bso,2026-10-05,Track title is taken from KHInsider's soundtrack/gamerip album index. Popularity is an explicitly labelled proxy based on BeatHit game rank and track prominence.,"{""culture_category"":""video_game_music"",""video_game"":""Super Meat Boy"",""game_rank"":1413,""game_association_kind"":""khinsider_game_soundtrack"",""khinsider_album_url"":""https://downloads.khinsider.com/game-soundtracks/album/super-meat-boy-bso"",""khinsider_album_title"":""Super Meat Boy BSO (super-meat-boy-bso)"",""khinsider_album_kind"":""unclassified_game_album"",""khinsider_album_match_score"":100.0,""relevance_score_100"":97.0,""popularity_score_100"":44.66251216765022,""score_100"":76.06500486706008,""popularity_basis"":""BeatHit master-list game rank plus track position proxy""}"
95,Ch5 Outro Music,Unknown credited artist,[],Super Meat Boy (super-meat-boy-2015-ps-vita-gamerip),,,"[""video game soundtrack""]","[""und""]",,,,Super Meat Boy,,,khinsider_track_prominence_proxy,40.04251216765023,score_0_100,,,,76.0170048670601,,,,https://downloads.khinsider.com/game-soundtracks/album/super-meat-boy-2015-ps-vita-gamerip,2026-10-05,Track title is taken from KHInsider's soundtrack/gamerip album index. Popularity is an explicitly labelled proxy based on BeatHit game rank and track prominence.,"{""culture_category"":""video_game_music"",""video_game"":""Super Meat Boy"",""game_rank"":1413,""game_association_kind"":""khinsider_game_soundtrack"",""khinsider_album_url"":""https://downloads.khinsider.com/game-soundtracks/album/super-meat-boy-2015-ps-vita-gamerip"",""khinsider_album_title"":""Super Meat Boy (super-meat-boy-2015-ps-vita-gamerip)"",""khinsider_album_kind"":""official_or_gamerip"",""khinsider_album_match_score"":100.0,""relevance_score_100"":100.0,""popularity_score_100"":40.04251216765023,""score_100"":76.0170048670601,""popularity_basis"":""BeatHit master-list game rank plus track position proxy""}"
96,Track 24,Unknown credited artist,[],Super Meat Boy Forever (super-meat-boy-forever-gamerip-2020),,,"[""video game soundtrack""]","[""und""]",,,,Super Meat Boy,,,khinsider_track_prominence_proxy,40.04251216765023,score_0_100,,,,76.0170048670601,,,,https://downloads.khinsider.com/game-soundtracks/album/super-meat-boy-forever-gamerip-2020,2026-10-05,Track title is taken from KHInsider's soundtrack/gamerip album index. Popularity is an explicitly labelled proxy based on BeatHit game rank and track prominence.,"{""culture_category"":""video_game_music"",""video_game"":""Super Meat Boy"",""game_rank"":1413,""game_association_kind"":""khinsider_game_soundtrack"",""khinsider_album_url"":""https://downloads.khinsider.com/game-soundtracks/album/super-meat-boy-forever-gamerip-2020"",""khinsider_album_title"":""Super Meat Boy Forever (super-meat-boy-forever-gamerip-2020)"",""khinsider_album_kind"":""official_or_gamerip"",""khinsider_album_match_score"":100.0,""relevance_score_100"":100.0,""popularity_score_100"":40.04251216765023,""score_100"":76.0170048670601,""popularity_basis"":""BeatHit master-list game rank plus track position proxy""}"
97,Klatch - Glitch Dark World,Unknown credited artist,[],Super Meat Boy Forever Original Soundtrack (super-meat-boy-forever-original-soundtrack),,,"[""video game soundtrack""]","[""und""]",,,,Super Meat Boy,,,khinsider_track_prominence_proxy,40.04251216765023,score_0_100,,,,76.0170048670601,,,,https://downloads.khinsider.com/game-soundtracks/album/super-meat-boy-forever-original-soundtrack,2026-10-05,Track title is taken from KHInsider's soundtrack/gamerip album index. Popularity is an explicitly labelled proxy based on BeatHit game rank and track prominence.,"{""culture_category"":""video_game_music"",""video_game"":""Super Meat Boy"",""game_rank"":1413,""game_association_kind"":""khinsider_game_soundtrack"",""khinsider_album_url"":""https://downloads.khinsider.com/game-soundtracks/album/super-meat-boy-forever-original-soundtrack"",""khinsider_album_title"":""Super Meat Boy Forever Original Soundtrack (super-meat-boy-forever-original-soundtrack)"",""khinsider_album_kind"":""official_or_gamerip"",""khinsider_album_match_score"":100.0,""relevance_score_100"":100.0,""popularity_score_100"":40.04251216765023,""score_100"":76.0170048670601,""popularity_basis"":""BeatHit master-list game rank plus track position proxy""}"
98,Forest Funk RETRO (Ch 1 Warp Zone),Unknown credited artist,[],Super Meat Boy! Digital Special Edition Soundtrack (super-meat-boy-digital-special-edition-soundtrack),,,"[""video game soundtrack""]","[""und""]",,,,Super Meat Boy,,,khinsider_track_prominence_proxy,40.04251216765023,score_0_100,,,,76.0170048670601,,,,https://downloads.khinsider.com/game-soundtracks/album/super-meat-boy-digital-special-edition-soundtrack,2026-10-05,Track title is taken from KHInsider's soundtrack/gamerip album index. Popularity is an explicitly labelled proxy based on BeatHit game rank and track prominence.,"{""culture_category"":""video_game_music"",""video_game"":""Super Meat Boy"",""game_rank"":1413,""game_association_kind"":""khinsider_game_soundtrack"",""khinsider_album_url"":""https://downloads.khinsider.com/game-soundtracks/album/super-meat-boy-digital-special-edition-soundtrack"",""khinsider_album_title"":""Super Meat Boy! Digital Special Edition Soundtrack (super-meat-boy-digital-special-edition-soundtrack)"",""khinsider_album_kind"":""official_or_gamerip"",""khinsider_album_match_score"":100.0,""relevance_score_100"":100.0,""popularity_score_100"":40.04251216765023,""score_100"":76.0170048670601,""popularity_basis"":""BeatHit master-list game rank plus track position proxy""}"
99,dB soundworks - Forest Funk (Ch 1 Light World),Unknown credited artist,[],Super Meat Boy BSO (super-meat-boy-bso),,,"[""video game soundtrack""]","[""und""]",,,,Super Meat Boy,,,khinsider_track_prominence_proxy,44.45251216765023,score_0_100,,,,75.98100486706008,,,,https://downloads.khinsider.com/game-soundtracks/album/super-meat-boy-bso,2026-10-05,Track title is taken from KHInsider's soundtrack/gamerip album index. Popularity is an explicitly labelled proxy based on BeatHit game rank and track prominence.,"{""culture_category"":""video_game_music"",""video_game"":""Super Meat Boy"",""game_rank"":1413,""game_association_kind"":""khinsider_game_soundtrack"",""khinsider_album_url"":""https://downloads.khinsider.com/game-soundtracks/album/super-meat-boy-bso"",""khinsider_album_title"":""Super Meat Boy BSO (super-meat-boy-bso)"",""khinsider_album_kind"":""unclassified_game_album"",""khinsider_album_match_score"":100.0,""relevance_score_100"":97.0,""popularity_score_100"":44.45251216765023,""score_100"":75.98100486706008,""popularity_basis"":""BeatHit master-list game rank plus track position proxy""}"
100,Ch5 Retro,Unknown credited artist,[],Super Meat Boy (super-meat-boy-2015-ps-vita-gamerip),,,"[""video game soundtrack""]","[""und""]",,,,Super Meat Boy,,,khinsider_track_prominence_proxy,39.83251216765022,score_0_100,,,,75.93300486706009,,,,https://downloads.khinsider.com/game-soundtracks/album/super-meat-boy-2015-ps-vita-gamerip,2026-10-05,Track title is taken from KHInsider's soundtrack/gamerip album index. Popularity is an explicitly labelled proxy based on BeatHit game rank and track prominence.,"{""culture_category"":""video_game_music"",""video_game"":""Super Meat Boy"",""game_rank"":1413,""game_association_kind"":""khinsider_game_soundtrack"",""khinsider_album_url"":""https://downloads.khinsider.com/game-soundtracks/album/super-meat-boy-2015-ps-vita-gamerip"",""khinsider_album_title"":""Super Meat Boy (super-meat-boy-2015-ps-vita-gamerip)"",""khinsider_album_kind"":""official_or_gamerip"",""khinsider_album_match_score"":100.0,""relevance_score_100"":100.0,""popularity_score_100"":39.83251216765022,""score_100"":75.93300486706009,""popularity_basis"":""BeatHit master-list game rank plus track position proxy""}"
101,Track 25,Unknown credited artist,[],Super Meat Boy Forever (super-meat-boy-forever-gamerip-2020),,,"[""video game soundtrack""]","[""und""]",,,,Super Meat Boy,,,khinsider_track_prominence_proxy,39.83251216765022,score_0_100,,,,75.93300486706009,,,,https://downloads.khinsider.com/game-soundtracks/album/super-meat-boy-forever-gamerip-2020,2026-10-05,Track title is taken from KHInsider's soundtrack/gamerip album index. Popularity is an explicitly labelled proxy based on BeatHit game rank and track prominence.,"{""culture_category"":""video_game_music"",""video_game"":""Super Meat Boy"",""game_rank"":1413,""game_association_kind"":""khinsider_game_soundtrack"",""khinsider_album_url"":""https://downloads.khinsider.com/game-soundtracks/album/super-meat-boy-forever-gamerip-2020"",""khinsider_album_title"":""Super Meat Boy Forever (super-meat-boy-forever-gamerip-2020)"",""khinsider_album_kind"":""official_or_gamerip"",""khinsider_album_match_score"":100.0,""relevance_score_100"":100.0,""popularity_score_100"":39.83251216765022,""score_100"":75.93300486706009,""popularity_basis"":""BeatHit master-list game rank plus track position proxy""}"
102,Put Your Hams Together - Credits Roll,Unknown credited artist,[],Super Meat Boy Forever Original Soundtrack (super-meat-boy-forever-original-soundtrack),,,"[""video game soundtrack""]","[""und""]",,,,Super Meat Boy,,,khinsider_track_prominence_proxy,39.83251216765022,score_0_100,,,,75.93300486706009,,,,https://downloads.khinsider.com/game-soundtracks/album/super-meat-boy-forever-original-soundtrack,2026-10-05,Track title is taken from KHInsider's soundtrack/gamerip album index. Popularity is an explicitly labelled proxy based on BeatHit game rank and track prominence.,"{""culture_category"":""video_game_music"",""video_game"":""Super Meat Boy"",""game_rank"":1413,""game_association_kind"":""khinsider_game_soundtrack"",""khinsider_album_url"":""https://downloads.khinsider.com/game-soundtracks/album/super-meat-boy-forever-original-soundtrack"",""khinsider_album_title"":""Super Meat Boy Forever Original Soundtrack (super-meat-boy-forever-original-soundtrack)"",""khinsider_album_kind"":""official_or_gamerip"",""khinsider_album_match_score"":100.0,""relevance_score_100"":100.0,""popularity_score_100"":39.83251216765022,""score_100"":75.93300486706009,""popularity_basis"":""BeatHit master-list game rank plus track position proxy""}"
103,Betus Blues RETRO (Ch 2 Warp Zone),Unknown credited artist,[],Super Meat Boy! Digital Special Edition Soundtrack (super-meat-boy-digital-special-edition-soundtrack),,,"[""video game soundtrack""]","[""und""]",,,,Super Meat Boy,,,khinsider_track_prominence_proxy,39.83251216765022,score_0_100,,,,75.93300486706009,,,,https://downloads.khinsider.com/game-soundtracks/album/super-meat-boy-digital-special-edition-soundtrack,2026-10-05,Track title is taken from KHInsider's soundtrack/gamerip album index. Popularity is an explicitly labelled proxy based on BeatHit game rank and track prominence.,"{""culture_category"":""video_game_music"",""video_game"":""Super Meat Boy"",""game_rank"":1413,""game_association_kind"":""khinsider_game_soundtrack"",""khinsider_album_url"":""https://downloads.khinsider.com/game-soundtracks/album/super-meat-boy-digital-special-edition-soundtrack"",""khinsider_album_title"":""Super Meat Boy! Digital Special Edition Soundtrack (super-meat-boy-digital-special-edition-soundtrack)"",""khinsider_album_kind"":""official_or_gamerip"",""khinsider_album_match_score"":100.0,""relevance_score_100"":100.0,""popularity_score_100"":39.83251216765022,""score_100"":75.93300486706009,""popularity_basis"":""BeatHit master-list game rank plus track position proxy""}"
104,dB soundworks - Ballad of the Burning Squirrel (Ch 1 Dark World),Unknown credited artist,[],Super Meat Boy BSO (super-meat-boy-bso),,,"[""video game soundtrack""]","[""und""]",,,,Super Meat Boy,,,khinsider_track_prominence_proxy,44.242512167650226,score_0_100,,,,75.89700486706009,,,,https://downloads.khinsider.com/game-soundtracks/album/super-meat-boy-bso,2026-10-05,Track title is taken from KHInsider's soundtrack/gamerip album index. Popularity is an explicitly labelled proxy based on BeatHit game rank and track prominence.,"{""culture_category"":""video_game_music"",""video_game"":""Super Meat Boy"",""game_rank"":1413,""game_association_kind"":""khinsider_game_soundtrack"",""khinsider_album_url"":""https://downloads.khinsider.com/game-soundtracks/album/super-meat-boy-bso"",""khinsider_album_title"":""Super Meat Boy BSO (super-meat-boy-bso)"",""khinsider_album_kind"":""unclassified_game_album"",""khinsider_album_match_score"":100.0,""relevance_score_100"":97.0,""popularity_score_100"":44.242512167650226,""score_100"":75.89700486706009,""popularity_basis"":""BeatHit master-list game rank plus track position proxy""}"
105,Ch6,Unknown credited artist,[],Super Meat Boy (super-meat-boy-2015-ps-vita-gamerip),,,"[""video game soundtrack""]","[""und""]",,,,Super Meat Boy,,,khinsider_track_prominence_proxy,39.62251216765023,score_0_100,,,,75.84900486706009,,,,https://downloads.khinsider.com/game-soundtracks/album/super-meat-boy-2015-ps-vita-gamerip,2026-10-05,Track title is taken from KHInsider's soundtrack/gamerip album index. Popularity is an explicitly labelled proxy based on BeatHit game rank and track prominence.,"{""culture_category"":""video_game_music"",""video_game"":""Super Meat Boy"",""game_rank"":1413,""game_association_kind"":""khinsider_game_soundtrack"",""khinsider_album_url"":""https://downloads.khinsider.com/game-soundtracks/album/super-meat-boy-2015-ps-vita-gamerip"",""khinsider_album_title"":""Super Meat Boy (super-meat-boy-2015-ps-vita-gamerip)"",""khinsider_album_kind"":""official_or_gamerip"",""khinsider_album_match_score"":100.0,""relevance_score_100"":100.0,""popularity_score_100"":39.62251216765023,""score_100"":75.84900486706009,""popularity_basis"":""BeatHit master-list game rank plus track position proxy""}"
106,Track 26,Unknown credited artist,[],Super Meat Boy Forever (super-meat-boy-forever-gamerip-2020),,,"[""video game soundtrack""]","[""und""]",,,,Super Meat Boy,,,khinsider_track_prominence_proxy,39.62251216765023,score_0_100,,,,75.84900486706009,,,,https://downloads.khinsider.com/game-soundtracks/album/super-meat-boy-forever-gamerip-2020,2026-10-05,Track title is taken from KHInsider's soundtrack/gamerip album index. Popularity is an explicitly labelled proxy based on BeatHit game rank and track prominence.,"{""culture_category"":""video_game_music"",""video_game"":""Super Meat Boy"",""game_rank"":1413,""game_association_kind"":""khinsider_game_soundtrack"",""khinsider_album_url"":""https://downloads.khinsider.com/game-soundtracks/album/super-meat-boy-forever-gamerip-2020"",""khinsider_album_title"":""Super Meat Boy Forever (super-meat-boy-forever-gamerip-2020)"",""khinsider_album_kind"":""official_or_gamerip"",""khinsider_album_match_score"":100.0,""relevance_score_100"":100.0,""popularity_score_100"":39.62251216765023,""score_100"":75.84900486706009,""popularity_basis"":""BeatHit master-list game rank plus track position proxy""}"
107,Can o' Salt RETRO (Ch 3 Warp Zone),Unknown credited artist,[],Super Meat Boy! Digital Special Edition Soundtrack (super-meat-boy-digital-special-edition-soundtrack),,,"[""video game soundtrack""]","[""und""]",,,,Super Meat Boy,,,khinsider_track_prominence_proxy,39.62251216765023,score_0_100,,,,75.84900486706009,,,,https://downloads.khinsider.com/game-soundtracks/album/super-meat-boy-digital-special-edition-soundtrack,2026-10-05,Track title is taken from KHInsider's soundtrack/gamerip album index. Popularity is an explicitly labelled proxy based on BeatHit game rank and track prominence.,"{""culture_category"":""video_game_music"",""video_game"":""Super Meat Boy"",""game_rank"":1413,""game_association_kind"":""khinsider_game_soundtrack"",""khinsider_album_url"":""https://downloads.khinsider.com/game-soundtracks/album/super-meat-boy-digital-special-edition-soundtrack"",""khinsider_album_title"":""Super Meat Boy! Digital Special Edition Soundtrack (super-meat-boy-digital-special-edition-soundtrack)"",""khinsider_album_kind"":""official_or_gamerip"",""khinsider_album_match_score"":100.0,""relevance_score_100"":100.0,""popularity_score_100"":39.62251216765023,""score_100"":75.84900486706009,""popularity_basis"":""BeatHit master-list game rank plus track position proxy""}"
108,dB soundworks - The Battle of Lil' Slugger (Ch 1 Boss),Unknown credited artist,[],Super Meat Boy BSO (super-meat-boy-bso),,,"[""video game soundtrack""]","[""und""]",,,,Super Meat Boy,,,khinsider_track_prominence_proxy,44.032512167650225,score_0_100,,,,75.81300486706009,,,,https://downloads.khinsider.com/game-soundtracks/album/super-meat-boy-bso,2026-10-05,Track title is taken from KHInsider's soundtrack/gamerip album index. Popularity is an explicitly labelled proxy based on BeatHit game rank and track prominence.,"{""culture_category"":""video_game_music"",""video_game"":""Super Meat Boy"",""game_rank"":1413,""game_association_kind"":""khinsider_game_soundtrack"",""khinsider_album_url"":""https://downloads.khinsider.com/game-soundtracks/album/super-meat-boy-bso"",""khinsider_album_title"":""Super Meat Boy BSO (super-meat-boy-bso)"",""khinsider_album_kind"":""unclassified_game_album"",""khinsider_album_match_score"":100.0,""relevance_score_100"":97.0,""popularity_score_100"":44.032512167650225,""score_100"":75.81300486706009,""popularity_basis"":""BeatHit master-list game rank plus track position proxy""}"
109,Ch6 Dark,Unknown credited artist,[],Super Meat Boy (super-meat-boy-2015-ps-vita-gamerip),,,"[""video game soundtrack""]","[""und""]",,,,Super Meat Boy,,,khinsider_track_prominence_proxy,39.41251216765022,score_0_100,,,,75.76500486706009,,,,https://downloads.khinsider.com/game-soundtracks/album/super-meat-boy-2015-ps-vita-gamerip,2026-10-05,Track title is taken from KHInsider's soundtrack/gamerip album index. Popularity is an explicitly labelled proxy based on BeatHit game rank and track prominence.,"{""culture_category"":""video_game_music"",""video_game"":""Super Meat Boy"",""game_rank"":1413,""game_association_kind"":""khinsider_game_soundtrack"",""khinsider_album_url"":""https://downloads.khinsider.com/game-soundtracks/album/super-meat-boy-2015-ps-vita-gamerip"",""khinsider_album_title"":""Super Meat Boy (super-meat-boy-2015-ps-vita-gamerip)"",""khinsider_album_kind"":""official_or_gamerip"",""khinsider_album_match_score"":100.0,""relevance_score_100"":100.0,""popularity_score_100"":39.41251216765022,""score_100"":75.76500486706009,""popularity_basis"":""BeatHit master-list game rank plus track position proxy""}"
110,Track 27,Unknown credited artist,[],Super Meat Boy Forever (super-meat-boy-forever-gamerip-2020),,,"[""video game soundtrack""]","[""und""]",,,,Super Meat Boy,,,khinsider_track_prominence_proxy,39.41251216765022,score_0_100,,,,75.76500486706009,,,,https://downloads.khinsider.com/game-soundtracks/album/super-meat-boy-forever-gamerip-2020,2026-10-05,Track title is taken from KHInsider's soundtrack/gamerip album index. Popularity is an explicitly labelled proxy based on BeatHit game rank and track prominence.,"{""culture_category"":""video_game_music"",""video_game"":""Super Meat Boy"",""game_rank"":1413,""game_association_kind"":""khinsider_game_soundtrack"",""khinsider_album_url"":""https://downloads.khinsider.com/game-soundtracks/album/super-meat-boy-forever-gamerip-2020"",""khinsider_album_title"":""Super Meat Boy Forever (super-meat-boy-forever-gamerip-2020)"",""khinsider_album_kind"":""official_or_gamerip"",""khinsider_album_match_score"":100.0,""relevance_score_100"":100.0,""popularity_score_100"":39.41251216765022,""score_100"":75.76500486706009,""popularity_basis"":""BeatHit master-list game rank plus track position proxy""}"
111,Hot Damned RETRO (Ch 4 Warp Zone),Unknown credited artist,[],Super Meat Boy! Digital Special Edition Soundtrack (super-meat-boy-digital-special-edition-soundtrack),,,"[""video game soundtrack""]","[""und""]",,,,Super Meat Boy,,,khinsider_track_prominence_proxy,39.41251216765022,score_0_100,,,,75.76500486706009,,,,https://downloads.khinsider.com/game-soundtracks/album/super-meat-boy-digital-special-edition-soundtrack,2026-10-05,Track title is taken from KHInsider's soundtrack/gamerip album index. Popularity is an explicitly labelled proxy based on BeatHit game rank and track prominence.,"{""culture_category"":""video_game_music"",""video_game"":""Super Meat Boy"",""game_rank"":1413,""game_association_kind"":""khinsider_game_soundtrack"",""khinsider_album_url"":""https://downloads.khinsider.com/game-soundtracks/album/super-meat-boy-digital-special-edition-soundtrack"",""khinsider_album_title"":""Super Meat Boy! Digital Special Edition Soundtrack (super-meat-boy-digital-special-edition-soundtrack)"",""khinsider_album_kind"":""official_or_gamerip"",""khinsider_album_match_score"":100.0,""relevance_score_100"":100.0,""popularity_score_100"":39.41251216765022,""score_100"":75.76500486706009,""popularity_basis"":""BeatHit master-list game rank plus track position proxy""}"
112,dB soundworks - Betus Blues (Ch 2 Light World),Unknown credited artist,[],Super Meat Boy BSO (super-meat-boy-bso),,,"[""video game soundtrack""]","[""und""]",,,,Super Meat Boy,,,khinsider_track_prominence_proxy,43.822512167650224,score_0_100,,,,75.72900486706008,,,,https://downloads.khinsider.com/game-soundtracks/album/super-meat-boy-bso,2026-10-05,Track title is taken from KHInsider's soundtrack/gamerip album index. Popularity is an explicitly labelled proxy based on BeatHit game rank and track prominence.,"{""culture_category"":""video_game_music"",""video_game"":""Super Meat Boy"",""game_rank"":1413,""game_association_kind"":""khinsider_game_soundtrack"",""khinsider_album_url"":""https://downloads.khinsider.com/game-soundtracks/album/super-meat-boy-bso"",""khinsider_album_title"":""Super Meat Boy BSO (super-meat-boy-bso)"",""khinsider_album_kind"":""unclassified_game_album"",""khinsider_album_match_score"":100.0,""relevance_score_100"":97.0,""popularity_score_100"":43.822512167650224,""score_100"":75.72900486706008,""popularity_basis"":""BeatHit master-list game rank plus track position proxy""}"
113,Ch6 Hardmenu,Unknown credited artist,[],Super Meat Boy (super-meat-boy-2015-ps-vita-gamerip),,,"[""video game soundtrack""]","[""und""]",,,,Super Meat Boy,,,khinsider_track_prominence_proxy,39.20251216765023,score_0_100,,,,75.6810048670601,,,,https://downloads.khinsider.com/game-soundtracks/album/super-meat-boy-2015-ps-vita-gamerip,2026-10-05,Track title is taken from KHInsider's soundtrack/gamerip album index. Popularity is an explicitly labelled proxy based on BeatHit game rank and track prominence.,"{""culture_category"":""video_game_music"",""video_game"":""Super Meat Boy"",""game_rank"":1413,""game_association_kind"":""khinsider_game_soundtrack"",""khinsider_album_url"":""https://downloads.khinsider.com/game-soundtracks/album/super-meat-boy-2015-ps-vita-gamerip"",""khinsider_album_title"":""Super Meat Boy (super-meat-boy-2015-ps-vita-gamerip)"",""khinsider_album_kind"":""official_or_gamerip"",""khinsider_album_match_score"":100.0,""relevance_score_100"":100.0,""popularity_score_100"":39.20251216765023,""score_100"":75.6810048670601,""popularity_basis"":""BeatHit master-list game rank plus track position proxy""}"
114,Track 28,Unknown credited artist,[],Super Meat Boy Forever (super-meat-boy-forever-gamerip-2020),,,"[""video game soundtrack""]","[""und""]",,,,Super Meat Boy,,,khinsider_track_prominence_proxy,39.20251216765023,score_0_100,,,,75.6810048670601,,,,https://downloads.khinsider.com/game-soundtracks/album/super-meat-boy-forever-gamerip-2020,2026-10-05,Track title is taken from KHInsider's soundtrack/gamerip album index. Popularity is an explicitly labelled proxy based on BeatHit game rank and track prominence.,"{""culture_category"":""video_game_music"",""video_game"":""Super Meat Boy"",""game_rank"":1413,""game_association_kind"":""khinsider_game_soundtrack"",""khinsider_album_url"":""https://downloads.khinsider.com/game-soundtracks/album/super-meat-boy-forever-gamerip-2020"",""khinsider_album_title"":""Super Meat Boy Forever (super-meat-boy-forever-gamerip-2020)"",""khinsider_album_kind"":""official_or_gamerip"",""khinsider_album_match_score"":100.0,""relevance_score_100"":100.0,""popularity_score_100"":39.20251216765023,""score_100"":75.6810048670601,""popularity_basis"":""BeatHit master-list game rank plus track position proxy""}"
115,It Ends RETRO (Ch 5 Warp Zone),Unknown credited artist,[],Super Meat Boy! Digital Special Edition Soundtrack (super-meat-boy-digital-special-edition-soundtrack),,,"[""video game soundtrack""]","[""und""]",,,,Super Meat Boy,,,khinsider_track_prominence_proxy,39.20251216765023,score_0_100,,,,75.6810048670601,,,,https://downloads.khinsider.com/game-soundtracks/album/super-meat-boy-digital-special-edition-soundtrack,2026-10-05,Track title is taken from KHInsider's soundtrack/gamerip album index. Popularity is an explicitly labelled proxy based on BeatHit game rank and track prominence.,"{""culture_category"":""video_game_music"",""video_game"":""Super Meat Boy"",""game_rank"":1413,""game_association_kind"":""khinsider_game_soundtrack"",""khinsider_album_url"":""https://downloads.khinsider.com/game-soundtracks/album/super-meat-boy-digital-special-edition-soundtrack"",""khinsider_album_title"":""Super Meat Boy! Digital Special Edition Soundtrack (super-meat-boy-digital-special-edition-soundtrack)"",""khinsider_album_kind"":""official_or_gamerip"",""khinsider_album_match_score"":100.0,""relevance_score_100"":100.0,""popularity_score_100"":39.20251216765023,""score_100"":75.6810048670601,""popularity_basis"":""BeatHit master-list game rank plus track position proxy""}"
116,dB soundworks - C.H.A.D.'s Broken Wind (Ch 2 Dark World),Unknown credited artist,[],Super Meat Boy BSO (super-meat-boy-bso),,,"[""video game soundtrack""]","[""und""]",,,,Super Meat Boy,,,khinsider_track_prominence_proxy,43.61251216765022,score_0_100,,,,75.64500486706008,,,,https://downloads.khinsider.com/game-soundtracks/album/super-meat-boy-bso,2026-10-05,Track title is taken from KHInsider's soundtrack/gamerip album index. Popularity is an explicitly labelled proxy based on BeatHit game rank and track prominence.,"{""culture_category"":""video_game_music"",""video_game"":""Super Meat Boy"",""game_rank"":1413,""game_association_kind"":""khinsider_game_soundtrack"",""khinsider_album_url"":""https://downloads.khinsider.com/game-soundtracks/album/super-meat-boy-bso"",""khinsider_album_title"":""Super Meat Boy BSO (super-meat-boy-bso)"",""khinsider_album_kind"":""unclassified_game_album"",""khinsider_album_match_score"":100.0,""relevance_score_100"":97.0,""popularity_score_100"":43.61251216765022,""score_100"":75.64500486706008,""popularity_basis"":""BeatHit master-list game rank plus track position proxy""}"
117,Ch6 Normal Menu,Unknown credited artist,[],Super Meat Boy (super-meat-boy-2015-ps-vita-gamerip),,,"[""video game soundtrack""]","[""und""]",,,,Super Meat Boy,,,khinsider_track_prominence_proxy,38.992512167650226,score_0_100,,,,75.5970048670601,,,,https://downloads.khinsider.com/game-soundtracks/album/super-meat-boy-2015-ps-vita-gamerip,2026-10-05,Track title is taken from KHInsider's soundtrack/gamerip album index. Popularity is an explicitly labelled proxy based on BeatHit game rank and track prominence.,"{""culture_category"":""video_game_music"",""video_game"":""Super Meat Boy"",""game_rank"":1413,""game_association_kind"":""khinsider_game_soundtrack"",""khinsider_album_url"":""https://downloads.khinsider.com/game-soundtracks/album/super-meat-boy-2015-ps-vita-gamerip"",""khinsider_album_title"":""Super Meat Boy (super-meat-boy-2015-ps-vita-gamerip)"",""khinsider_album_kind"":""official_or_gamerip"",""khinsider_album_match_score"":100.0,""relevance_score_100"":100.0,""popularity_score_100"":38.992512167650226,""score_100"":75.5970048670601,""popularity_basis"":""BeatHit master-list game rank plus track position proxy""}"
118,Track 29,Unknown credited artist,[],Super Meat Boy Forever (super-meat-boy-forever-gamerip-2020),,,"[""video game soundtrack""]","[""und""]",,,,Super Meat Boy,,,khinsider_track_prominence_proxy,38.992512167650226,score_0_100,,,,75.5970048670601,,,,https://downloads.khinsider.com/game-soundtracks/album/super-meat-boy-forever-gamerip-2020,2026-10-05,Track title is taken from KHInsider's soundtrack/gamerip album index. Popularity is an explicitly labelled proxy based on BeatHit game rank and track prominence.,"{""culture_category"":""video_game_music"",""video_game"":""Super Meat Boy"",""game_rank"":1413,""game_association_kind"":""khinsider_game_soundtrack"",""khinsider_album_url"":""https://downloads.khinsider.com/game-soundtracks/album/super-meat-boy-forever-gamerip-2020"",""khinsider_album_title"":""Super Meat Boy Forever (super-meat-boy-forever-gamerip-2020)"",""khinsider_album_kind"":""official_or_gamerip"",""khinsider_album_match_score"":100.0,""relevance_score_100"":100.0,""popularity_score_100"":38.992512167650226,""score_100"":75.5970048670601,""popularity_basis"":""BeatHit master-list game rank plus track position proxy""}"
119,mAEt b0y (REMIX),Unknown credited artist,[],Super Meat Boy! Digital Special Edition Soundtrack (super-meat-boy-digital-special-edition-soundtrack),,,"[""video game soundtrack""]","[""und""]",,,,Super Meat Boy,,,khinsider_track_prominence_proxy,38.992512167650226,score_0_100,,,,75.5970048670601,,,,https://downloads.khinsider.com/game-soundtracks/album/super-meat-boy-digital-special-edition-soundtrack,2026-10-05,Track title is taken from KHInsider's soundtrack/gamerip album index. Popularity is an explicitly labelled proxy based on BeatHit game rank and track prominence.,"{""culture_category"":""video_game_music"",""video_game"":""Super Meat Boy"",""game_rank"":1413,""game_association_kind"":""khinsider_game_soundtrack"",""khinsider_album_url"":""https://downloads.khinsider.com/game-soundtracks/album/super-meat-boy-digital-special-edition-soundtrack"",""khinsider_album_title"":""Super Meat Boy! Digital Special Edition Soundtrack (super-meat-boy-digital-special-edition-soundtrack)"",""khinsider_album_kind"":""official_or_gamerip"",""khinsider_album_match_score"":100.0,""relevance_score_100"":100.0,""popularity_score_100"":38.992512167650226,""score_100"":75.5970048670601,""popularity_basis"":""BeatHit master-list game rank plus track position proxy""}"
120,dB soundworks - C.H.A.D.'s Lullaby (Ch 2 Boss),Unknown credited artist,[],Super Meat Boy BSO (super-meat-boy-bso),,,"[""video game soundtrack""]","[""und""]",,,,Super Meat Boy,,,khinsider_track_prominence_proxy,43.40251216765022,score_0_100,,,,75.56100486706009,,,,https://downloads.khinsider.com/game-soundtracks/album/super-meat-boy-bso,2026-10-05,Track title is taken from KHInsider's soundtrack/gamerip album index. Popularity is an explicitly labelled proxy based on BeatHit game rank and track prominence.,"{""culture_category"":""video_game_music"",""video_game"":""Super Meat Boy"",""game_rank"":1413,""game_association_kind"":""khinsider_game_soundtrack"",""khinsider_album_url"":""https://downloads.khinsider.com/game-soundtracks/album/super-meat-boy-bso"",""khinsider_album_title"":""Super Meat Boy BSO (super-meat-boy-bso)"",""khinsider_album_kind"":""unclassified_game_album"",""khinsider_album_match_score"":100.0,""relevance_score_100"":97.0,""popularity_score_100"":43.40251216765022,""score_100"":75.56100486706009,""popularity_basis"":""BeatHit master-list game rank plus track position proxy""}"
121,Ch6 Outro Music,Unknown credited artist,[],Super Meat Boy (super-meat-boy-2015-ps-vita-gamerip),,,"[""video game soundtrack""]","[""und""]",,,,Super Meat Boy,,,khinsider_track_prominence_proxy,38.782512167650225,score_0_100,,,,75.51300486706009,,,,https://downloads.khinsider.com/game-soundtracks/album/super-meat-boy-2015-ps-vita-gamerip,2026-10-05,Track title is taken from KHInsider's soundtrack/gamerip album index. Popularity is an explicitly labelled proxy based on BeatHit game rank and track prominence.,"{""culture_category"":""video_game_music"",""video_game"":""Super Meat Boy"",""game_rank"":1413,""game_association_kind"":""khinsider_game_soundtrack"",""khinsider_album_url"":""https://downloads.khinsider.com/game-soundtracks/album/super-meat-boy-2015-ps-vita-gamerip"",""khinsider_album_title"":""Super Meat Boy (super-meat-boy-2015-ps-vita-gamerip)"",""khinsider_album_kind"":""official_or_gamerip"",""khinsider_album_match_score"":100.0,""relevance_score_100"":100.0,""popularity_score_100"":38.782512167650225,""score_100"":75.51300486706009,""popularity_basis"":""BeatHit master-list game rank plus track position proxy""}"
122,Track 30,Unknown credited artist,[],Super Meat Boy Forever (super-meat-boy-forever-gamerip-2020),,,"[""video game soundtrack""]","[""und""]",,,,Super Meat Boy,,,khinsider_track_prominence_proxy,38.782512167650225,score_0_100,,,,75.51300486706009,,,,https://downloads.khinsider.com/game-soundtracks/album/super-meat-boy-forever-gamerip-2020,2026-10-05,Track title is taken from KHInsider's soundtrack/gamerip album index. Popularity is an explicitly labelled proxy based on BeatHit game rank and track prominence.,"{""culture_category"":""video_game_music"",""video_game"":""Super Meat Boy"",""game_rank"":1413,""game_association_kind"":""khinsider_game_soundtrack"",""khinsider_album_url"":""https://downloads.khinsider.com/game-soundtracks/album/super-meat-boy-forever-gamerip-2020"",""khinsider_album_title"":""Super Meat Boy Forever (super-meat-boy-forever-gamerip-2020)"",""khinsider_album_kind"":""official_or_gamerip"",""khinsider_album_match_score"":100.0,""relevance_score_100"":100.0,""popularity_score_100"":38.782512167650225,""score_100"":75.51300486706009,""popularity_basis"":""BeatHit master-list game rank plus track position proxy""}"
123,Spoiled R0TT3N (REMIX),Unknown credited artist,[],Super Meat Boy! Digital Special Edition Soundtrack (super-meat-boy-digital-special-edition-soundtrack),,,"[""video game soundtrack""]","[""und""]",,,,Super Meat Boy,,,khinsider_track_prominence_proxy,38.782512167650225,score_0_100,,,,75.51300486706009,,,,https://downloads.khinsider.com/game-soundtracks/album/super-meat-boy-digital-special-edition-soundtrack,2026-10-05,Track title is taken from KHInsider's soundtrack/gamerip album index. Popularity is an explicitly labelled proxy based on BeatHit game rank and track prominence.,"{""culture_category"":""video_game_music"",""video_game"":""Super Meat Boy"",""game_rank"":1413,""game_association_kind"":""khinsider_game_soundtrack"",""khinsider_album_url"":""https://downloads.khinsider.com/game-soundtracks/album/super-meat-boy-digital-special-edition-soundtrack"",""khinsider_album_title"":""Super Meat Boy! Digital Special Edition Soundtrack (super-meat-boy-digital-special-edition-soundtrack)"",""khinsider_album_kind"":""official_or_gamerip"",""khinsider_album_match_score"":100.0,""relevance_score_100"":100.0,""popularity_score_100"":38.782512167650225,""score_100"":75.51300486706009,""popularity_basis"":""BeatHit master-list game rank plus track position proxy""}"
124,dB soundworks - Can o' Salt (Ch 3 Light World),Unknown credited artist,[],Super Meat Boy BSO (super-meat-boy-bso),,,"[""video game soundtrack""]","[""und""]",,,,Super Meat Boy,,,khinsider_track_prominence_proxy,43.19251216765022,score_0_100,,,,75.47700486706009,,,,https://downloads.khinsider.com/game-soundtracks/album/super-meat-boy-bso,2026-10-05,Track title is taken from KHInsider's soundtrack/gamerip album index. Popularity is an explicitly labelled proxy based on BeatHit game rank and track prominence.,"{""culture_category"":""video_game_music"",""video_game"":""Super Meat Boy"",""game_rank"":1413,""game_association_kind"":""khinsider_game_soundtrack"",""khinsider_album_url"":""https://downloads.khinsider.com/game-soundtracks/album/super-meat-boy-bso"",""khinsider_album_title"":""Super Meat Boy BSO (super-meat-boy-bso)"",""khinsider_album_kind"":""unclassified_game_album"",""khinsider_album_match_score"":100.0,""relevance_score_100"":97.0,""popularity_score_100"":43.19251216765022,""score_100"":75.47700486706009,""popularity_basis"":""BeatHit master-list game rank plus track position proxy""}"
125,Commander Video Music,Unknown credited artist,[],Super Meat Boy (super-meat-boy-2015-ps-vita-gamerip),,,"[""video game soundtrack""]","[""und""]",,,,Super Meat Boy,,,khinsider_track_prominence_proxy,38.572512167650224,score_0_100,,,,75.42900486706009,,,,https://downloads.khinsider.com/game-soundtracks/album/super-meat-boy-2015-ps-vita-gamerip,2026-10-05,Track title is taken from KHInsider's soundtrack/gamerip album index. Popularity is an explicitly labelled proxy based on BeatHit game rank and track prominence.,"{""culture_category"":""video_game_music"",""video_game"":""Super Meat Boy"",""game_rank"":1413,""game_association_kind"":""khinsider_game_soundtrack"",""khinsider_album_url"":""https://downloads.khinsider.com/game-soundtracks/album/super-meat-boy-2015-ps-vita-gamerip"",""khinsider_album_title"":""Super Meat Boy (super-meat-boy-2015-ps-vita-gamerip)"",""khinsider_album_kind"":""official_or_gamerip"",""khinsider_album_match_score"":100.0,""relevance_score_100"":100.0,""popularity_score_100"":38.572512167650224,""score_100"":75.42900486706009,""popularity_basis"":""BeatHit master-list game rank plus track position proxy""}"
126,Track 31,Unknown credited artist,[],Super Meat Boy Forever (super-meat-boy-forever-gamerip-2020),,,"[""video game soundtrack""]","[""und""]",,,,Super Meat Boy,,,khinsider_track_prominence_proxy,38.572512167650224,score_0_100,,,,75.42900486706009,,,,https://downloads.khinsider.com/game-soundtracks/album/super-meat-boy-forever-gamerip-2020,2026-10-05,Track title is taken from KHInsider's soundtrack/gamerip album index. Popularity is an explicitly labelled proxy based on BeatHit game rank and track prominence.,"{""culture_category"":""video_game_music"",""video_game"":""Super Meat Boy"",""game_rank"":1413,""game_association_kind"":""khinsider_game_soundtrack"",""khinsider_album_url"":""https://downloads.khinsider.com/game-soundtracks/album/super-meat-boy-forever-gamerip-2020"",""khinsider_album_title"":""Super Meat Boy Forever (super-meat-boy-forever-gamerip-2020)"",""khinsider_album_kind"":""official_or_gamerip"",""khinsider_album_match_score"":100.0,""relevance_score_100"":100.0,""popularity_score_100"":38.572512167650224,""score_100"":75.42900486706009,""popularity_basis"":""BeatHit master-list game rank plus track position proxy""}"
127,MATTIAS' MANMEAT MIX (REMIX),Unknown credited artist,[],Super Meat Boy! Digital Special Edition Soundtrack (super-meat-boy-digital-special-edition-soundtrack),,,"[""video game soundtrack""]","[""und""]",,,,Super Meat Boy,,,khinsider_track_prominence_proxy,38.572512167650224,score_0_100,,,,75.42900486706009,,,,https://downloads.khinsider.com/game-soundtracks/album/super-meat-boy-digital-special-edition-soundtrack,2026-10-05,Track title is taken from KHInsider's soundtrack/gamerip album index. Popularity is an explicitly labelled proxy based on BeatHit game rank and track prominence.,"{""culture_category"":""video_game_music"",""video_game"":""Super Meat Boy"",""game_rank"":1413,""game_association_kind"":""khinsider_game_soundtrack"",""khinsider_album_url"":""https://downloads.khinsider.com/game-soundtracks/album/super-meat-boy-digital-special-edition-soundtrack"",""khinsider_album_title"":""Super Meat Boy! Digital Special Edition Soundtrack (super-meat-boy-digital-special-edition-soundtrack)"",""khinsider_album_kind"":""official_or_gamerip"",""khinsider_album_match_score"":100.0,""relevance_score_100"":100.0,""popularity_score_100"":38.572512167650224,""score_100"":75.42900486706009,""popularity_basis"":""BeatHit master-list game rank plus track position proxy""}"
128,dB soundworks - Rocket Rider (Ch 3 Dark World),Unknown credited artist,[],Super Meat Boy BSO (super-meat-boy-bso),,,"[""video game soundtrack""]","[""und""]",,,,Super Meat Boy,,,khinsider_track_prominence_proxy,42.98251216765023,score_0_100,,,,75.39300486706009,,,,https://downloads.khinsider.com/game-soundtracks/album/super-meat-boy-bso,2026-10-05,Track title is taken from KHInsider's soundtrack/gamerip album index. Popularity is an explicitly labelled proxy based on BeatHit game rank and track prominence.,"{""culture_category"":""video_game_music"",""video_game"":""Super Meat Boy"",""game_rank"":1413,""game_association_kind"":""khinsider_game_soundtrack"",""khinsider_album_url"":""https://downloads.khinsider.com/game-soundtracks/album/super-meat-boy-bso"",""khinsider_album_title"":""Super Meat Boy BSO (super-meat-boy-bso)"",""khinsider_album_kind"":""unclassified_game_album"",""khinsider_album_match_score"":100.0,""relevance_score_100"":97.0,""popularity_score_100"":42.98251216765023,""score_100"":75.39300486706009,""popularity_basis"":""BeatHit master-list game rank plus track position proxy""}"
129,Credits Music,Unknown credited artist,[],Super Meat Boy (super-meat-boy-2015-ps-vita-gamerip),,,"[""video game soundtrack""]","[""und""]",,,,Super Meat Boy,,,khinsider_track_prominence_proxy,38.36251216765022,score_0_100,,,,75.34500486706008,,,,https://downloads.khinsider.com/game-soundtracks/album/super-meat-boy-2015-ps-vita-gamerip,2026-10-05,Track title is taken from KHInsider's soundtrack/gamerip album index. Popularity is an explicitly labelled proxy based on BeatHit game rank and track prominence.,"{""culture_category"":""video_game_music"",""video_game"":""Super Meat Boy"",""game_rank"":1413,""game_association_kind"":""khinsider_game_soundtrack"",""khinsider_album_url"":""https://downloads.khinsider.com/game-soundtracks/album/super-meat-boy-2015-ps-vita-gamerip"",""khinsider_album_title"":""Super Meat Boy (super-meat-boy-2015-ps-vita-gamerip)"",""khinsider_album_kind"":""official_or_gamerip"",""khinsider_album_match_score"":100.0,""relevance_score_100"":100.0,""popularity_score_100"":38.36251216765022,""score_100"":75.34500486706008,""popularity_basis"":""BeatHit master-list game rank plus track position proxy""}"
130,Track 32,Unknown credited artist,[],Super Meat Boy Forever (super-meat-boy-forever-gamerip-2020),,,"[""video game soundtrack""]","[""und""]",,,,Super Meat Boy,,,khinsider_track_prominence_proxy,38.36251216765022,score_0_100,,,,75.34500486706008,,,,https://downloads.khinsider.com/game-soundtracks/album/super-meat-boy-forever-gamerip-2020,2026-10-05,Track title is taken from KHInsider's soundtrack/gamerip album index. Popularity is an explicitly labelled proxy based on BeatHit game rank and track prominence.,"{""culture_category"":""video_game_music"",""video_game"":""Super Meat Boy"",""game_rank"":1413,""game_association_kind"":""khinsider_game_soundtrack"",""khinsider_album_url"":""https://downloads.khinsider.com/game-soundtracks/album/super-meat-boy-forever-gamerip-2020"",""khinsider_album_title"":""Super Meat Boy Forever (super-meat-boy-forever-gamerip-2020)"",""khinsider_album_kind"":""official_or_gamerip"",""khinsider_album_match_score"":100.0,""relevance_score_100"":100.0,""popularity_score_100"":38.36251216765022,""score_100"":75.34500486706008,""popularity_basis"":""BeatHit master-list game rank plus track position proxy""}"
131,Metal Meat (REMIX),Unknown credited artist,[],Super Meat Boy! Digital Special Edition Soundtrack (super-meat-boy-digital-special-edition-soundtrack),,,"[""video game soundtrack""]","[""und""]",,,,Super Meat Boy,,,khinsider_track_prominence_proxy,38.36251216765022,score_0_100,,,,75.34500486706008,,,,https://downloads.khinsider.com/game-soundtracks/album/super-meat-boy-digital-special-edition-soundtrack,2026-10-05,Track title is taken from KHInsider's soundtrack/gamerip album index. Popularity is an explicitly labelled proxy based on BeatHit game rank and track prominence.,"{""culture_category"":""video_game_music"",""video_game"":""Super Meat Boy"",""game_rank"":1413,""game_association_kind"":""khinsider_game_soundtrack"",""khinsider_album_url"":""https://downloads.khinsider.com/game-soundtracks/album/super-meat-boy-digital-special-edition-soundtrack"",""khinsider_album_title"":""Super Meat Boy! Digital Special Edition Soundtrack (super-meat-boy-digital-special-edition-soundtrack)"",""khinsider_album_kind"":""official_or_gamerip"",""khinsider_album_match_score"":100.0,""relevance_score_100"":100.0,""popularity_score_100"":38.36251216765022,""score_100"":75.34500486706008,""popularity_basis"":""BeatHit master-list game rank plus track position proxy""}"
132,dB soundworks - Fast Track to Browntown (Ch 3 Boss),Unknown credited artist,[],Super Meat Boy BSO (super-meat-boy-bso),,,"[""video game soundtrack""]","[""und""]",,,,Super Meat Boy,,,khinsider_track_prominence_proxy,42.77251216765022,score_0_100,,,,75.30900486706008,,,,https://downloads.khinsider.com/game-soundtracks/album/super-meat-boy-bso,2026-10-05,Track title is taken from KHInsider's soundtrack/gamerip album index. Popularity is an explicitly labelled proxy based on BeatHit game rank and track prominence.,"{""culture_category"":""video_game_music"",""video_game"":""Super Meat Boy"",""game_rank"":1413,""game_association_kind"":""khinsider_game_soundtrack"",""khinsider_album_url"":""https://downloads.khinsider.com/game-soundtracks/album/super-meat-boy-bso"",""khinsider_album_title"":""Super Meat Boy BSO (super-meat-boy-bso)"",""khinsider_album_kind"":""unclassified_game_album"",""khinsider_album_match_score"":100.0,""relevance_score_100"":97.0,""popularity_score_100"":42.77251216765022,""score_100"":75.30900486706008,""popularity_basis"":""BeatHit master-list game rank plus track position proxy""}"
133,Demo Score Music,Unknown credited artist,[],Super Meat Boy (super-meat-boy-2015-ps-vita-gamerip),,,"[""video game soundtrack""]","[""und""]",,,,Super Meat Boy,,,khinsider_track_prominence_proxy,38.15251216765022,score_0_100,,,,75.2610048670601,,,,https://downloads.khinsider.com/game-soundtracks/album/super-meat-boy-2015-ps-vita-gamerip,2026-10-05,Track title is taken from KHInsider's soundtrack/gamerip album index. Popularity is an explicitly labelled proxy based on BeatHit game rank and track prominence.,"{""culture_category"":""video_game_music"",""video_game"":""Super Meat Boy"",""game_rank"":1413,""game_association_kind"":""khinsider_game_soundtrack"",""khinsider_album_url"":""https://downloads.khinsider.com/game-soundtracks/album/super-meat-boy-2015-ps-vita-gamerip"",""khinsider_album_title"":""Super Meat Boy (super-meat-boy-2015-ps-vita-gamerip)"",""khinsider_album_kind"":""official_or_gamerip"",""khinsider_album_match_score"":100.0,""relevance_score_100"":100.0,""popularity_score_100"":38.15251216765022,""score_100"":75.2610048670601,""popularity_basis"":""BeatHit master-list game rank plus track position proxy""}"
134,Track 33,Unknown credited artist,[],Super Meat Boy Forever (super-meat-boy-forever-gamerip-2020),,,"[""video game soundtrack""]","[""und""]",,,,Super Meat Boy,,,khinsider_track_prominence_proxy,38.15251216765022,score_0_100,,,,75.2610048670601,,,,https://downloads.khinsider.com/game-soundtracks/album/super-meat-boy-forever-gamerip-2020,2026-10-05,Track title is taken from KHInsider's soundtrack/gamerip album index. Popularity is an explicitly labelled proxy based on BeatHit game rank and track prominence.,"{""culture_category"":""video_game_music"",""video_game"":""Super Meat Boy"",""game_rank"":1413,""game_association_kind"":""khinsider_game_soundtrack"",""khinsider_album_url"":""https://downloads.khinsider.com/game-soundtracks/album/super-meat-boy-forever-gamerip-2020"",""khinsider_album_title"":""Super Meat Boy Forever (super-meat-boy-forever-gamerip-2020)"",""khinsider_album_kind"":""official_or_gamerip"",""khinsider_album_match_score"":100.0,""relevance_score_100"":100.0,""popularity_score_100"":38.15251216765022,""score_100"":75.2610048670601,""popularity_basis"":""BeatHit master-list game rank plus track position proxy""}"
135,Boss Burger N' Chips (REMIX),Unknown credited artist,[],Super Meat Boy! Digital Special Edition Soundtrack (super-meat-boy-digital-special-edition-soundtrack),,,"[""video game soundtrack""]","[""und""]",,,,Super Meat Boy,,,khinsider_track_prominence_proxy,38.15251216765022,score_0_100,,,,75.2610048670601,,,,https://downloads.khinsider.com/game-soundtracks/album/super-meat-boy-digital-special-edition-soundtrack,2026-10-05,Track title is taken from KHInsider's soundtrack/gamerip album index. Popularity is an explicitly labelled proxy based on BeatHit game rank and track prominence.,"{""culture_category"":""video_game_music"",""video_game"":""Super Meat Boy"",""game_rank"":1413,""game_association_kind"":""khinsider_game_soundtrack"",""khinsider_album_url"":""https://downloads.khinsider.com/game-soundtracks/album/super-meat-boy-digital-special-edition-soundtrack"",""khinsider_album_title"":""Super Meat Boy! Digital Special Edition Soundtrack (super-meat-boy-digital-special-edition-soundtrack)"",""khinsider_album_kind"":""official_or_gamerip"",""khinsider_album_match_score"":100.0,""relevance_score_100"":100.0,""popularity_score_100"":38.15251216765022,""score_100"":75.2610048670601,""popularity_basis"":""BeatHit master-list game rank plus track position proxy""}"
136,dB soundworks - Hot Damned (Ch 4 Light World),Unknown credited artist,[],Super Meat Boy BSO (super-meat-boy-bso),,,"[""video game soundtrack""]","[""und""]",,,,Super Meat Boy,,,khinsider_track_prominence_proxy,42.562512167650226,score_0_100,,,,75.22500486706008,,,,https://downloads.khinsider.com/game-soundtracks/album/super-meat-boy-bso,2026-10-05,Track title is taken from KHInsider's soundtrack/gamerip album index. Popularity is an explicitly labelled proxy based on BeatHit game rank and track prominence.,"{""culture_category"":""video_game_music"",""video_game"":""Super Meat Boy"",""game_rank"":1413,""game_association_kind"":""khinsider_game_soundtrack"",""khinsider_album_url"":""https://downloads.khinsider.com/game-soundtracks/album/super-meat-boy-bso"",""khinsider_album_title"":""Super Meat Boy BSO (super-meat-boy-bso)"",""khinsider_album_kind"":""unclassified_game_album"",""khinsider_album_match_score"":100.0,""relevance_score_100"":97.0,""popularity_score_100"":42.562512167650226,""score_100"":75.22500486706008,""popularity_basis"":""BeatHit master-list game rank plus track position proxy""}"
137,Escape,Unknown credited artist,[],Super Meat Boy (super-meat-boy-2015-ps-vita-gamerip),,,"[""video game soundtrack""]","[""und""]",,,,Super Meat Boy,,,khinsider_track_prominence_proxy,37.94251216765022,score_0_100,,,,75.17700486706009,,,,https://downloads.khinsider.com/game-soundtracks/album/super-meat-boy-2015-ps-vita-gamerip,2026-10-05,Track title is taken from KHInsider's soundtrack/gamerip album index. Popularity is an explicitly labelled proxy based on BeatHit game rank and track prominence.,"{""culture_category"":""video_game_music"",""video_game"":""Super Meat Boy"",""game_rank"":1413,""game_association_kind"":""khinsider_game_soundtrack"",""khinsider_album_url"":""https://downloads.khinsider.com/game-soundtracks/album/super-meat-boy-2015-ps-vita-gamerip"",""khinsider_album_title"":""Super Meat Boy (super-meat-boy-2015-ps-vita-gamerip)"",""khinsider_album_kind"":""official_or_gamerip"",""khinsider_album_match_score"":100.0,""relevance_score_100"":100.0,""popularity_score_100"":37.94251216765022,""score_100"":75.17700486706009,""popularity_basis"":""BeatHit master-list game rank plus track position proxy""}"
138,Track 34,Unknown credited artist,[],Super Meat Boy Forever (super-meat-boy-forever-gamerip-2020),,,"[""video game soundtrack""]","[""und""]",,,,Super Meat Boy,,,khinsider_track_prominence_proxy,37.94251216765022,score_0_100,,,,75.17700486706009,,,,https://downloads.khinsider.com/game-soundtracks/album/super-meat-boy-forever-gamerip-2020,2026-10-05,Track title is taken from KHInsider's soundtrack/gamerip album index. Popularity is an explicitly labelled proxy based on BeatHit game rank and track prominence.,"{""culture_category"":""video_game_music"",""video_game"":""Super Meat Boy"",""game_rank"":1413,""game_association_kind"":""khinsider_game_soundtrack"",""khinsider_album_url"":""https://downloads.khinsider.com/game-soundtracks/album/super-meat-boy-forever-gamerip-2020"",""khinsider_album_title"":""Super Meat Boy Forever (super-meat-boy-forever-gamerip-2020)"",""khinsider_album_kind"":""official_or_gamerip"",""khinsider_album_match_score"":100.0,""relevance_score_100"":100.0,""popularity_score_100"":37.94251216765022,""score_100"":75.17700486706009,""popularity_basis"":""BeatHit master-list game rank plus track position proxy""}"
139,Meatcraft (REMIX),Unknown credited artist,[],Super Meat Boy! Digital Special Edition Soundtrack (super-meat-boy-digital-special-edition-soundtrack),,,"[""video game soundtrack""]","[""und""]",,,,Super Meat Boy,,,khinsider_track_prominence_proxy,37.94251216765022,score_0_100,,,,75.17700486706009,,,,https://downloads.khinsider.com/game-soundtracks/album/super-meat-boy-digital-special-edition-soundtrack,2026-10-05,Track title is taken from KHInsider's soundtrack/gamerip album index. Popularity is an explicitly labelled proxy based on BeatHit game rank and track prominence.,"{""culture_category"":""video_game_music"",""video_game"":""Super Meat Boy"",""game_rank"":1413,""game_association_kind"":""khinsider_game_soundtrack"",""khinsider_album_url"":""https://downloads.khinsider.com/game-soundtracks/album/super-meat-boy-digital-special-edition-soundtrack"",""khinsider_album_title"":""Super Meat Boy! Digital Special Edition Soundtrack (super-meat-boy-digital-special-edition-soundtrack)"",""khinsider_album_kind"":""official_or_gamerip"",""khinsider_album_match_score"":100.0,""relevance_score_100"":100.0,""popularity_score_100"":37.94251216765022,""score_100"":75.17700486706009,""popularity_basis"":""BeatHit master-list game rank plus track position proxy""}"
140,dB soundworks - Devil N' Bass (Ch 4 Dark World),Unknown credited artist,[],Super Meat Boy BSO (super-meat-boy-bso),,,"[""video game soundtrack""]","[""und""]",,,,Super Meat Boy,,,khinsider_track_prominence_proxy,42.35251216765022,score_0_100,,,,75.14100486706008,,,,https://downloads.khinsider.com/game-soundtracks/album/super-meat-boy-bso,2026-10-05,Track title is taken from KHInsider's soundtrack/gamerip album index. Popularity is an explicitly labelled proxy based on BeatHit game rank and track prominence.,"{""culture_category"":""video_game_music"",""video_game"":""Super Meat Boy"",""game_rank"":1413,""game_association_kind"":""khinsider_game_soundtrack"",""khinsider_album_url"":""https://downloads.khinsider.com/game-soundtracks/album/super-meat-boy-bso"",""khinsider_album_title"":""Super Meat Boy BSO (super-meat-boy-bso)"",""khinsider_album_kind"":""unclassified_game_album"",""khinsider_album_match_score"":100.0,""relevance_score_100"":97.0,""popularity_score_100"":42.35251216765022,""score_100"":75.14100486706008,""popularity_basis"":""BeatHit master-list game rank plus track position proxy""}"
141,Evil Factory Menu,Unknown credited artist,[],Super Meat Boy (super-meat-boy-2015-ps-vita-gamerip),,,"[""video game soundtrack""]","[""und""]",,,,Super Meat Boy,,,khinsider_track_prominence_proxy,37.73251216765023,score_0_100,,,,75.09300486706009,,,,https://downloads.khinsider.com/game-soundtracks/album/super-meat-boy-2015-ps-vita-gamerip,2026-10-05,Track title is taken from KHInsider's soundtrack/gamerip album index. Popularity is an explicitly labelled proxy based on BeatHit game rank and track prominence.,"{""culture_category"":""video_game_music"",""video_game"":""Super Meat Boy"",""game_rank"":1413,""game_association_kind"":""khinsider_game_soundtrack"",""khinsider_album_url"":""https://downloads.khinsider.com/game-soundtracks/album/super-meat-boy-2015-ps-vita-gamerip"",""khinsider_album_title"":""Super Meat Boy (super-meat-boy-2015-ps-vita-gamerip)"",""khinsider_album_kind"":""official_or_gamerip"",""khinsider_album_match_score"":100.0,""relevance_score_100"":100.0,""popularity_score_100"":37.73251216765023,""score_100"":75.09300486706009,""popularity_basis"":""BeatHit master-list game rank plus track position proxy""}"
142,Track 35,Unknown credited artist,[],Super Meat Boy Forever (super-meat-boy-forever-gamerip-2020),,,"[""video game soundtrack""]","[""und""]",,,,Super Meat Boy,,,khinsider_track_prominence_proxy,37.73251216765023,score_0_100,,,,75.09300486706009,,,,https://downloads.khinsider.com/game-soundtracks/album/super-meat-boy-forever-gamerip-2020,2026-10-05,Track title is taken from KHInsider's soundtrack/gamerip album index. Popularity is an explicitly labelled proxy based on BeatHit game rank and track prominence.,"{""culture_category"":""video_game_music"",""video_game"":""Super Meat Boy"",""game_rank"":1413,""game_association_kind"":""khinsider_game_soundtrack"",""khinsider_album_url"":""https://downloads.khinsider.com/game-soundtracks/album/super-meat-boy-forever-gamerip-2020"",""khinsider_album_title"":""Super Meat Boy Forever (super-meat-boy-forever-gamerip-2020)"",""khinsider_album_kind"":""official_or_gamerip"",""khinsider_album_match_score"":100.0,""relevance_score_100"":100.0,""popularity_score_100"":37.73251216765023,""score_100"":75.09300486706009,""popularity_basis"":""BeatHit master-list game rank plus track position proxy""}"
143,Power of the Meat (feat. Melinda Hershey) (REMIX),Unknown credited artist,[],Super Meat Boy! Digital Special Edition Soundtrack (super-meat-boy-digital-special-edition-soundtrack),,,"[""video game soundtrack""]","[""und""]",,,,Super Meat Boy,,,khinsider_track_prominence_proxy,37.73251216765023,score_0_100,,,,75.09300486706009,,,,https://downloads.khinsider.com/game-soundtracks/album/super-meat-boy-digital-special-edition-soundtrack,2026-10-05,Track title is taken from KHInsider's soundtrack/gamerip album index. Popularity is an explicitly labelled proxy based on BeatHit game rank and track prominence.,"{""culture_category"":""video_game_music"",""video_game"":""Super Meat Boy"",""game_rank"":1413,""game_association_kind"":""khinsider_game_soundtrack"",""khinsider_album_url"":""https://downloads.khinsider.com/game-soundtracks/album/super-meat-boy-digital-special-edition-soundtrack"",""khinsider_album_title"":""Super Meat Boy! Digital Special Edition Soundtrack (super-meat-boy-digital-special-edition-soundtrack)"",""khinsider_album_kind"":""official_or_gamerip"",""khinsider_album_match_score"":100.0,""relevance_score_100"":100.0,""popularity_score_100"":37.73251216765023,""score_100"":75.09300486706009,""popularity_basis"":""BeatHit master-list game rank plus track position proxy""}"
144,dB soundworks - Meat Golem (Ch 4 Boss),Unknown credited artist,[],Super Meat Boy BSO (super-meat-boy-bso),,,"[""video game soundtrack""]","[""und""]",,,,Super Meat Boy,,,khinsider_track_prominence_proxy,42.142512167650224,score_0_100,,,,75.05700486706009,,,,https://downloads.khinsider.com/game-soundtracks/album/super-meat-boy-bso,2026-10-05,Track title is taken from KHInsider's soundtrack/gamerip album index. Popularity is an explicitly labelled proxy based on BeatHit game rank and track prominence.,"{""culture_category"":""video_game_music"",""video_game"":""Super Meat Boy"",""game_rank"":1413,""game_association_kind"":""khinsider_game_soundtrack"",""khinsider_album_url"":""https://downloads.khinsider.com/game-soundtracks/album/super-meat-boy-bso"",""khinsider_album_title"":""Super Meat Boy BSO (super-meat-boy-bso)"",""khinsider_album_kind"":""unclassified_game_album"",""khinsider_album_match_score"":100.0,""relevance_score_100"":97.0,""popularity_score_100"":42.142512167650224,""score_100"":75.05700486706009,""popularity_basis"":""BeatHit master-list game rank plus track position proxy""}"
145,Evil Forest Menu Loop,Unknown credited artist,[],Super Meat Boy (super-meat-boy-2015-ps-vita-gamerip),,,"[""video game soundtrack""]","[""und""]",,,,Super Meat Boy,,,khinsider_track_prominence_proxy,37.52251216765022,score_0_100,,,,75.00900486706009,,,,https://downloads.khinsider.com/game-soundtracks/album/super-meat-boy-2015-ps-vita-gamerip,2026-10-05,Track title is taken from KHInsider's soundtrack/gamerip album index. Popularity is an explicitly labelled proxy based on BeatHit game rank and track prominence.,"{""culture_category"":""video_game_music"",""video_game"":""Super Meat Boy"",""game_rank"":1413,""game_association_kind"":""khinsider_game_soundtrack"",""khinsider_album_url"":""https://downloads.khinsider.com/game-soundtracks/album/super-meat-boy-2015-ps-vita-gamerip"",""khinsider_album_title"":""Super Meat Boy (super-meat-boy-2015-ps-vita-gamerip)"",""khinsider_album_kind"":""official_or_gamerip"",""khinsider_album_match_score"":100.0,""relevance_score_100"":100.0,""popularity_score_100"":37.52251216765022,""score_100"":75.00900486706009,""popularity_basis"":""BeatHit master-list game rank plus track position proxy""}"
146,Track 36,Unknown credited artist,[],Super Meat Boy Forever (super-meat-boy-forever-gamerip-2020),,,"[""video game soundtrack""]","[""und""]",,,,Super Meat Boy,,,khinsider_track_prominence_proxy,37.52251216765022,score_0_100,,,,75.00900486706009,,,,https://downloads.khinsider.com/game-soundtracks/album/super-meat-boy-forever-gamerip-2020,2026-10-05,Track title is taken from KHInsider's soundtrack/gamerip album index. Popularity is an explicitly labelled proxy based on BeatHit game rank and track prominence.,"{""culture_category"":""video_game_music"",""video_game"":""Super Meat Boy"",""game_rank"":1413,""game_association_kind"":""khinsider_game_soundtrack"",""khinsider_album_url"":""https://downloads.khinsider.com/game-soundtracks/album/super-meat-boy-forever-gamerip-2020"",""khinsider_album_title"":""Super Meat Boy Forever (super-meat-boy-forever-gamerip-2020)"",""khinsider_album_kind"":""official_or_gamerip"",""khinsider_album_match_score"":100.0,""relevance_score_100"":100.0,""popularity_score_100"":37.52251216765022,""score_100"":75.00900486706009,""popularity_basis"":""BeatHit master-list game rank plus track position proxy""}"
147,Trailer Intro,Unknown credited artist,[],Super Meat Boy! Digital Special Edition Soundtrack (super-meat-boy-digital-special-edition-soundtrack),,,"[""video game soundtrack""]","[""und""]",,,,Super Meat Boy,,,khinsider_track_prominence_proxy,37.52251216765022,score_0_100,,,,75.00900486706009,,,,https://downloads.khinsider.com/game-soundtracks/album/super-meat-boy-digital-special-edition-soundtrack,2026-10-05,Track title is taken from KHInsider's soundtrack/gamerip album index. Popularity is an explicitly labelled proxy based on BeatHit game rank and track prominence.,"{""culture_category"":""video_game_music"",""video_game"":""Super Meat Boy"",""game_rank"":1413,""game_association_kind"":""khinsider_game_soundtrack"",""khinsider_album_url"":""https://downloads.khinsider.com/game-soundtracks/album/super-meat-boy-digital-special-edition-soundtrack"",""khinsider_album_title"":""Super Meat Boy! Digital Special Edition Soundtrack (super-meat-boy-digital-special-edition-soundtrack)"",""khinsider_album_kind"":""official_or_gamerip"",""khinsider_album_match_score"":100.0,""relevance_score_100"":100.0,""popularity_score_100"":37.52251216765022,""score_100"":75.00900486706009,""popularity_basis"":""BeatHit master-list game rank plus track position proxy""}"
148,dB soundworks - It Ends (Ch 5 Light World),Unknown credited artist,[],Super Meat Boy BSO (super-meat-boy-bso),,,"[""video game soundtrack""]","[""und""]",,,,Super Meat Boy,,,khinsider_track_prominence_proxy,41.93251216765022,score_0_100,,,,74.97300486706008,,,,https://downloads.khinsider.com/game-soundtracks/album/super-meat-boy-bso,2026-10-05,Track title is taken from KHInsider's soundtrack/gamerip album index. Popularity is an explicitly labelled proxy based on BeatHit game rank and track prominence.,"{""culture_category"":""video_game_music"",""video_game"":""Super Meat Boy"",""game_rank"":1413,""game_association_kind"":""khinsider_game_soundtrack"",""khinsider_album_url"":""https://downloads.khinsider.com/game-soundtracks/album/super-meat-boy-bso"",""khinsider_album_title"":""Super Meat Boy BSO (super-meat-boy-bso)"",""khinsider_album_kind"":""unclassified_game_album"",""khinsider_album_match_score"":100.0,""relevance_score_100"":97.0,""popularity_score_100"":41.93251216765022,""score_100"":74.97300486706008,""popularity_basis"":""BeatHit master-list game rank plus track position proxy""}"
149,Factory,Unknown credited artist,[],Super Meat Boy (super-meat-boy-2015-ps-vita-gamerip),,,"[""video game soundtrack""]","[""und""]",,,,Super Meat Boy,,,khinsider_track_prominence_proxy,37.312512167650226,score_0_100,,,,74.9250048670601,,,,https://downloads.khinsider.com/game-soundtracks/album/super-meat-boy-2015-ps-vita-gamerip,2026-10-05,Track title is taken from KHInsider's soundtrack/gamerip album index. Popularity is an explicitly labelled proxy based on BeatHit game rank and track prominence.,"{""culture_category"":""video_game_music"",""video_game"":""Super Meat Boy"",""game_rank"":1413,""game_association_kind"":""khinsider_game_soundtrack"",""khinsider_album_url"":""https://downloads.khinsider.com/game-soundtracks/album/super-meat-boy-2015-ps-vita-gamerip"",""khinsider_album_title"":""Super Meat Boy (super-meat-boy-2015-ps-vita-gamerip)"",""khinsider_album_kind"":""official_or_gamerip"",""khinsider_album_match_score"":100.0,""relevance_score_100"":100.0,""popularity_score_100"":37.312512167650226,""score_100"":74.9250048670601,""popularity_basis"":""BeatHit master-list game rank plus track position proxy""}"
150,Track 37,Unknown credited artist,[],Super Meat Boy Forever (super-meat-boy-forever-gamerip-2020),,,"[""video game soundtrack""]","[""und""]",,,,Super Meat Boy,,,khinsider_track_prominence_proxy,37.312512167650226,score_0_100,,,,74.9250048670601,,,,https://downloads.khinsider.com/game-soundtracks/album/super-meat-boy-forever-gamerip-2020,2026-10-05,Track title is taken from KHInsider's soundtrack/gamerip album index. Popularity is an explicitly labelled proxy based on BeatHit game rank and track prominence.,"{""culture_category"":""video_game_music"",""video_game"":""Super Meat Boy"",""game_rank"":1413,""game_association_kind"":""khinsider_game_soundtrack"",""khinsider_album_url"":""https://downloads.khinsider.com/game-soundtracks/album/super-meat-boy-forever-gamerip-2020"",""khinsider_album_title"":""Super Meat Boy Forever (super-meat-boy-forever-gamerip-2020)"",""khinsider_album_kind"":""official_or_gamerip"",""khinsider_album_match_score"":100.0,""relevance_score_100"":100.0,""popularity_score_100"":37.312512167650226,""score_100"":74.9250048670601,""popularity_basis"":""BeatHit master-list game rank plus track position proxy""}"
151,Meat Boy (Flash) - Title,Unknown credited artist,[],Super Meat Boy! Digital Special Edition Soundtrack (super-meat-boy-digital-special-edition-soundtrack),,,"[""video game soundtrack""]","[""und""]",,,,Super Meat Boy,,,khinsider_track_prominence_proxy,37.312512167650226,score_0_100,,,,74.9250048670601,,,,https://downloads.khinsider.com/game-soundtracks/album/super-meat-boy-digital-special-edition-soundtrack,2026-10-05,Track title is taken from KHInsider's soundtrack/gamerip album index. Popularity is an explicitly labelled proxy based on BeatHit game rank and track prominence.,"{""culture_category"":""video_game_music"",""video_game"":""Super Meat Boy"",""game_rank"":1413,""game_association_kind"":""khinsider_game_soundtrack"",""khinsider_album_url"":""https://downloads.khinsider.com/game-soundtracks/album/super-meat-boy-digital-special-edition-soundtrack"",""khinsider_album_title"":""Super Meat Boy! Digital Special Edition Soundtrack (super-meat-boy-digital-special-edition-soundtrack)"",""khinsider_album_kind"":""official_or_gamerip"",""khinsider_album_match_score"":100.0,""relevance_score_100"":100.0,""popularity_score_100"":37.312512167650226,""score_100"":74.9250048670601,""popularity_basis"":""BeatHit master-list game rank plus track position proxy""}"
152,dB soundworks - Dr. Fetus' Castle (Ch 5 Dark World),Unknown credited artist,[],Super Meat Boy BSO (super-meat-boy-bso),,,"[""video game soundtrack""]","[""und""]",,,,Super Meat Boy,,,khinsider_track_prominence_proxy,41.72251216765022,score_0_100,,,,74.88900486706008,,,,https://downloads.khinsider.com/game-soundtracks/album/super-meat-boy-bso,2026-10-05,Track title is taken from KHInsider's soundtrack/gamerip album index. Popularity is an explicitly labelled proxy based on BeatHit game rank and track prominence.,"{""culture_category"":""video_game_music"",""video_game"":""Super Meat Boy"",""game_rank"":1413,""game_association_kind"":""khinsider_game_soundtrack"",""khinsider_album_url"":""https://downloads.khinsider.com/game-soundtracks/album/super-meat-boy-bso"",""khinsider_album_title"":""Super Meat Boy BSO (super-meat-boy-bso)"",""khinsider_album_kind"":""unclassified_game_album"",""khinsider_album_match_score"":100.0,""relevance_score_100"":97.0,""popularity_score_100"":41.72251216765022,""score_100"":74.88900486706008,""popularity_basis"":""BeatHit master-list game rank plus track position proxy""}"
153,Factory Menu,Unknown credited artist,[],Super Meat Boy (super-meat-boy-2015-ps-vita-gamerip),,,"[""video game soundtrack""]","[""und""]",,,,Super Meat Boy,,,khinsider_track_prominence_proxy,37.10251216765022,score_0_100,,,,74.8410048670601,,,,https://downloads.khinsider.com/game-soundtracks/album/super-meat-boy-2015-ps-vita-gamerip,2026-10-05,Track title is taken from KHInsider's soundtrack/gamerip album index. Popularity is an explicitly labelled proxy based on BeatHit game rank and track prominence.,"{""culture_category"":""video_game_music"",""video_game"":""Super Meat Boy"",""game_rank"":1413,""game_association_kind"":""khinsider_game_soundtrack"",""khinsider_album_url"":""https://downloads.khinsider.com/game-soundtracks/album/super-meat-boy-2015-ps-vita-gamerip"",""khinsider_album_title"":""Super Meat Boy (super-meat-boy-2015-ps-vita-gamerip)"",""khinsider_album_kind"":""official_or_gamerip"",""khinsider_album_match_score"":100.0,""relevance_score_100"":100.0,""popularity_score_100"":37.10251216765022,""score_100"":74.8410048670601,""popularity_basis"":""BeatHit master-list game rank plus track position proxy""}"
154,Track 38,Unknown credited artist,[],Super Meat Boy Forever (super-meat-boy-forever-gamerip-2020),,,"[""video game soundtrack""]","[""und""]",,,,Super Meat Boy,,,khinsider_track_prominence_proxy,37.10251216765022,score_0_100,,,,74.8410048670601,,,,https://downloads.khinsider.com/game-soundtracks/album/super-meat-boy-forever-gamerip-2020,2026-10-05,Track title is taken from KHInsider's soundtrack/gamerip album index. Popularity is an explicitly labelled proxy based on BeatHit game rank and track prominence.,"{""culture_category"":""video_game_music"",""video_game"":""Super Meat Boy"",""game_rank"":1413,""game_association_kind"":""khinsider_game_soundtrack"",""khinsider_album_url"":""https://downloads.khinsider.com/game-soundtracks/album/super-meat-boy-forever-gamerip-2020"",""khinsider_album_title"":""Super Meat Boy Forever (super-meat-boy-forever-gamerip-2020)"",""khinsider_album_kind"":""official_or_gamerip"",""khinsider_album_match_score"":100.0,""relevance_score_100"":100.0,""popularity_score_100"":37.10251216765022,""score_100"":74.8410048670601,""popularity_basis"":""BeatHit master-list game rank plus track position proxy""}"
155,World Map Theme,Unknown credited artist,[],Super Meat Boy! Digital Special Edition Soundtrack (super-meat-boy-digital-special-edition-soundtrack),,,"[""video game soundtrack""]","[""und""]",,,,Super Meat Boy,,,khinsider_track_prominence_proxy,37.10251216765022,score_0_100,,,,74.8410048670601,,,,https://downloads.khinsider.com/game-soundtracks/album/super-meat-boy-digital-special-edition-soundtrack,2026-10-05,Track title is taken from KHInsider's soundtrack/gamerip album index. Popularity is an explicitly labelled proxy based on BeatHit game rank and track prominence.,"{""culture_category"":""video_game_music"",""video_game"":""Super Meat Boy"",""game_rank"":1413,""game_association_kind"":""khinsider_game_soundtrack"",""khinsider_album_url"":""https://downloads.khinsider.com/game-soundtracks/album/super-meat-boy-digital-special-edition-soundtrack"",""khinsider_album_title"":""Super Meat Boy! Digital Special Edition Soundtrack (super-meat-boy-digital-special-edition-soundtrack)"",""khinsider_album_kind"":""official_or_gamerip"",""khinsider_album_match_score"":100.0,""relevance_score_100"":100.0,""popularity_score_100"":37.10251216765022,""score_100"":74.8410048670601,""popularity_basis"":""BeatHit master-list game rank plus track position proxy""}"
156,dB soundworks - Larries' Lament (Ch 5 Boss),Unknown credited artist,[],Super Meat Boy BSO (super-meat-boy-bso),,,"[""video game soundtrack""]","[""und""]",,,,Super Meat Boy,,,khinsider_track_prominence_proxy,41.51251216765022,score_0_100,,,,74.80500486706009,,,,https://downloads.khinsider.com/game-soundtracks/album/super-meat-boy-bso,2026-10-05,Track title is taken from KHInsider's soundtrack/gamerip album index. Popularity is an explicitly labelled proxy based on BeatHit game rank and track prominence.,"{""culture_category"":""video_game_music"",""video_game"":""Super Meat Boy"",""game_rank"":1413,""game_association_kind"":""khinsider_game_soundtrack"",""khinsider_album_url"":""https://downloads.khinsider.com/game-soundtracks/album/super-meat-boy-bso"",""khinsider_album_title"":""Super Meat Boy BSO (super-meat-boy-bso)"",""khinsider_album_kind"":""unclassified_game_album"",""khinsider_album_match_score"":100.0,""relevance_score_100"":97.0,""popularity_score_100"":41.51251216765022,""score_100"":74.80500486706009,""popularity_basis"":""BeatHit master-list game rank plus track position proxy""}"
157,Fly Wrench Music,Unknown credited artist,[],Super Meat Boy (super-meat-boy-2015-ps-vita-gamerip),,,"[""video game soundtrack""]","[""und""]",,,,Super Meat Boy,,,khinsider_track_prominence_proxy,36.892512167650224,score_0_100,,,,74.75700486706009,,,,https://downloads.khinsider.com/game-soundtracks/album/super-meat-boy-2015-ps-vita-gamerip,2026-10-05,Track title is taken from KHInsider's soundtrack/gamerip album index. Popularity is an explicitly labelled proxy based on BeatHit game rank and track prominence.,"{""culture_category"":""video_game_music"",""video_game"":""Super Meat Boy"",""game_rank"":1413,""game_association_kind"":""khinsider_game_soundtrack"",""khinsider_album_url"":""https://downloads.khinsider.com/game-soundtracks/album/super-meat-boy-2015-ps-vita-gamerip"",""khinsider_album_title"":""Super Meat Boy (super-meat-boy-2015-ps-vita-gamerip)"",""khinsider_album_kind"":""official_or_gamerip"",""khinsider_album_match_score"":100.0,""relevance_score_100"":100.0,""popularity_score_100"":36.892512167650224,""score_100"":74.75700486706009,""popularity_basis"":""BeatHit master-list game rank plus track position proxy""}"
158,hauntedopen music,Unknown credited artist,[],Super Meat Boy (super-meat-boy-gamerip),,,"[""video game soundtrack""]","[""und""]",,,,Super Meat Boy,,,khinsider_track_prominence_proxy,36.892512167650224,score_0_100,,,,74.75700486706009,,,,https://downloads.khinsider.com/game-soundtracks/album/super-meat-boy-gamerip,2026-10-05,Track title is taken from KHInsider's soundtrack/gamerip album index. Popularity is an explicitly labelled proxy based on BeatHit game rank and track prominence.,"{""culture_category"":""video_game_music"",""video_game"":""Super Meat Boy"",""game_rank"":1413,""game_association_kind"":""khinsider_game_soundtrack"",""khinsider_album_url"":""https://downloads.khinsider.com/game-soundtracks/album/super-meat-boy-gamerip"",""khinsider_album_title"":""Super Meat Boy (super-meat-boy-gamerip)"",""khinsider_album_kind"":""official_or_gamerip"",""khinsider_album_match_score"":100.0,""relevance_score_100"":100.0,""popularity_score_100"":36.892512167650224,""score_100"":74.75700486706009,""popularity_basis"":""BeatHit master-list game rank plus track position proxy""}"
159,Track 39,Unknown credited artist,[],Super Meat Boy Forever (super-meat-boy-forever-gamerip-2020),,,"[""video game soundtrack""]","[""und""]",,,,Super Meat Boy,,,khinsider_track_prominence_proxy,36.892512167650224,score_0_100,,,,74.75700486706009,,,,https://downloads.khinsider.com/game-soundtracks/album/super-meat-boy-forever-gamerip-2020,2026-10-05,Track title is taken from KHInsider's soundtrack/gamerip album index. Popularity is an explicitly labelled proxy based on BeatHit game rank and track prominence.,"{""culture_category"":""video_game_music"",""video_game"":""Super Meat Boy"",""game_rank"":1413,""game_association_kind"":""khinsider_game_soundtrack"",""khinsider_album_url"":""https://downloads.khinsider.com/game-soundtracks/album/super-meat-boy-forever-gamerip-2020"",""khinsider_album_title"":""Super Meat Boy Forever (super-meat-boy-forever-gamerip-2020)"",""khinsider_album_kind"":""official_or_gamerip"",""khinsider_album_match_score"":100.0,""relevance_score_100"":100.0,""popularity_score_100"":36.892512167650224,""score_100"":74.75700486706009,""popularity_basis"":""BeatHit master-list game rank plus track position proxy""}"
160,Meat Fighter II,Unknown credited artist,[],Super Meat Boy! Digital Special Edition Soundtrack (super-meat-boy-digital-special-edition-soundtrack),,,"[""video game soundtrack""]","[""und""]",,,,Super Meat Boy,,,khinsider_track_prominence_proxy,36.892512167650224,score_0_100,,,,74.75700486706009,,,,https://downloads.khinsider.com/game-soundtracks/album/super-meat-boy-digital-special-edition-soundtrack,2026-10-05,Track title is taken from KHInsider's soundtrack/gamerip album index. Popularity is an explicitly labelled proxy based on BeatHit game rank and track prominence.,"{""culture_category"":""video_game_music"",""video_game"":""Super Meat Boy"",""game_rank"":1413,""game_association_kind"":""khinsider_game_soundtrack"",""khinsider_album_url"":""https://downloads.khinsider.com/game-soundtracks/album/super-meat-boy-digital-special-edition-soundtrack"",""khinsider_album_title"":""Super Meat Boy! Digital Special Edition Soundtrack (super-meat-boy-digital-special-edition-soundtrack)"",""khinsider_album_kind"":""official_or_gamerip"",""khinsider_album_match_score"":100.0,""relevance_score_100"":100.0,""popularity_score_100"":36.892512167650224,""score_100"":74.75700486706009,""popularity_basis"":""BeatHit master-list game rank plus track position proxy""}"
161,dB soundworks - It Ends 2 End Harder (Ch 6 Levels),Unknown credited artist,[],Super Meat Boy BSO (super-meat-boy-bso),,,"[""video game soundtrack""]","[""und""]",,,,Super Meat Boy,,,khinsider_track_prominence_proxy,41.30251216765022,score_0_100,,,,74.72100486706009,,,,https://downloads.khinsider.com/game-soundtracks/album/super-meat-boy-bso,2026-10-05,Track title is taken from KHInsider's soundtrack/gamerip album index. Popularity is an explicitly labelled proxy based on BeatHit game rank and track prominence.,"{""culture_category"":""video_game_music"",""video_game"":""Super Meat Boy"",""game_rank"":1413,""game_association_kind"":""khinsider_game_soundtrack"",""khinsider_album_url"":""https://downloads.khinsider.com/game-soundtracks/album/super-meat-boy-bso"",""khinsider_album_title"":""Super Meat Boy BSO (super-meat-boy-bso)"",""khinsider_album_kind"":""unclassified_game_album"",""khinsider_album_match_score"":100.0,""relevance_score_100"":97.0,""popularity_score_100"":41.30251216765022,""score_100"":74.72100486706009,""popularity_basis"":""BeatHit master-list game rank plus track position proxy""}"
162,Forest Menu Loop,Unknown credited artist,[],Super Meat Boy (super-meat-boy-2015-ps-vita-gamerip),,,"[""video game soundtrack""]","[""und""]",,,,Super Meat Boy,,,khinsider_track_prominence_proxy,36.68251216765022,score_0_100,,,,74.67300486706009,,,,https://downloads.khinsider.com/game-soundtracks/album/super-meat-boy-2015-ps-vita-gamerip,2026-10-05,Track title is taken from KHInsider's soundtrack/gamerip album index. Popularity is an explicitly labelled proxy based on BeatHit game rank and track prominence.,"{""culture_category"":""video_game_music"",""video_game"":""Super Meat Boy"",""game_rank"":1413,""game_association_kind"":""khinsider_game_soundtrack"",""khinsider_album_url"":""https://downloads.khinsider.com/game-soundtracks/album/super-meat-boy-2015-ps-vita-gamerip"",""khinsider_album_title"":""Super Meat Boy (super-meat-boy-2015-ps-vita-gamerip)"",""khinsider_album_kind"":""official_or_gamerip"",""khinsider_album_match_score"":100.0,""relevance_score_100"":100.0,""popularity_score_100"":36.68251216765022,""score_100"":74.67300486706009,""popularity_basis"":""BeatHit master-list game rank plus track position proxy""}"
163,Track 40,Unknown credited artist,[],Super Meat Boy Forever (super-meat-boy-forever-gamerip-2020),,,"[""video game soundtrack""]","[""und""]",,,,Super Meat Boy,,,khinsider_track_prominence_proxy,36.68251216765022,score_0_100,,,,74.67300486706009,,,,https://downloads.khinsider.com/game-soundtracks/album/super-meat-boy-forever-gamerip-2020,2026-10-05,Track title is taken from KHInsider's soundtrack/gamerip album index. Popularity is an explicitly labelled proxy based on BeatHit game rank and track prominence.,"{""culture_category"":""video_game_music"",""video_game"":""Super Meat Boy"",""game_rank"":1413,""game_association_kind"":""khinsider_game_soundtrack"",""khinsider_album_url"":""https://downloads.khinsider.com/game-soundtracks/album/super-meat-boy-forever-gamerip-2020"",""khinsider_album_title"":""Super Meat Boy Forever (super-meat-boy-forever-gamerip-2020)"",""khinsider_album_kind"":""official_or_gamerip"",""khinsider_album_match_score"":100.0,""relevance_score_100"":100.0,""popularity_score_100"":36.68251216765022,""score_100"":74.67300486706009,""popularity_basis"":""BeatHit master-list game rank plus track position proxy""}"
164,Dun Dun Dun!!!,Unknown credited artist,[],Super Meat Boy! Digital Special Edition Soundtrack (super-meat-boy-digital-special-edition-soundtrack),,,"[""video game soundtrack""]","[""und""]",,,,Super Meat Boy,,,khinsider_track_prominence_proxy,36.68251216765022,score_0_100,,,,74.67300486706009,,,,https://downloads.khinsider.com/game-soundtracks/album/super-meat-boy-digital-special-edition-soundtrack,2026-10-05,Track title is taken from KHInsider's soundtrack/gamerip album index. Popularity is an explicitly labelled proxy based on BeatHit game rank and track prominence.,"{""culture_category"":""video_game_music"",""video_game"":""Super Meat Boy"",""game_rank"":1413,""game_association_kind"":""khinsider_game_soundtrack"",""khinsider_album_url"":""https://downloads.khinsider.com/game-soundtracks/album/super-meat-boy-digital-special-edition-soundtrack"",""khinsider_album_title"":""Super Meat Boy! Digital Special Edition Soundtrack (super-meat-boy-digital-special-edition-soundtrack)"",""khinsider_album_kind"":""official_or_gamerip"",""khinsider_album_match_score"":100.0,""relevance_score_100"":100.0,""popularity_score_100"":36.68251216765022,""score_100"":74.67300486706009,""popularity_basis"":""BeatHit master-list game rank plus track position proxy""}"
165,dB soundworks - Carmeaty Burana (Ch 6 Boss),Unknown credited artist,[],Super Meat Boy BSO (super-meat-boy-bso),,,"[""video game soundtrack""]","[""und""]",,,,Super Meat Boy,,,khinsider_track_prominence_proxy,41.09251216765023,score_0_100,,,,74.63700486706009,,,,https://downloads.khinsider.com/game-soundtracks/album/super-meat-boy-bso,2026-10-05,Track title is taken from KHInsider's soundtrack/gamerip album index. Popularity is an explicitly labelled proxy based on BeatHit game rank and track prominence.,"{""culture_category"":""video_game_music"",""video_game"":""Super Meat Boy"",""game_rank"":1413,""game_association_kind"":""khinsider_game_soundtrack"",""khinsider_album_url"":""https://downloads.khinsider.com/game-soundtracks/album/super-meat-boy-bso"",""khinsider_album_title"":""Super Meat Boy BSO (super-meat-boy-bso)"",""khinsider_album_kind"":""unclassified_game_album"",""khinsider_album_match_score"":100.0,""relevance_score_100"":97.0,""popularity_score_100"":41.09251216765023,""score_100"":74.63700486706009,""popularity_basis"":""BeatHit master-list game rank plus track position proxy""}"
166,Forest Retro 3,Unknown credited artist,[],Super Meat Boy (super-meat-boy-2015-ps-vita-gamerip),,,"[""video game soundtrack""]","[""und""]",,,,Super Meat Boy,,,khinsider_track_prominence_proxy,36.47251216765022,score_0_100,,,,74.58900486706008,,,,https://downloads.khinsider.com/game-soundtracks/album/super-meat-boy-2015-ps-vita-gamerip,2026-10-05,Track title is taken from KHInsider's soundtrack/gamerip album index. Popularity is an explicitly labelled proxy based on BeatHit game rank and track prominence.,"{""culture_category"":""video_game_music"",""video_game"":""Super Meat Boy"",""game_rank"":1413,""game_association_kind"":""khinsider_game_soundtrack"",""khinsider_album_url"":""https://downloads.khinsider.com/game-soundtracks/album/super-meat-boy-2015-ps-vita-gamerip"",""khinsider_album_title"":""Super Meat Boy (super-meat-boy-2015-ps-vita-gamerip)"",""khinsider_album_kind"":""official_or_gamerip"",""khinsider_album_match_score"":100.0,""relevance_score_100"":100.0,""popularity_score_100"":36.47251216765022,""score_100"":74.58900486706008,""popularity_basis"":""BeatHit master-list game rank plus track position proxy""}"
167,Track 41,Unknown credited artist,[],Super Meat Boy Forever (super-meat-boy-forever-gamerip-2020),,,"[""video game soundtrack""]","[""und""]",,,,Super Meat Boy,,,khinsider_track_prominence_proxy,36.47251216765022,score_0_100,,,,74.58900486706008,,,,https://downloads.khinsider.com/game-soundtracks/album/super-meat-boy-forever-gamerip-2020,2026-10-05,Track title is taken from KHInsider's soundtrack/gamerip album index. Popularity is an explicitly labelled proxy based on BeatHit game rank and track prominence.,"{""culture_category"":""video_game_music"",""video_game"":""Super Meat Boy"",""game_rank"":1413,""game_association_kind"":""khinsider_game_soundtrack"",""khinsider_album_url"":""https://downloads.khinsider.com/game-soundtracks/album/super-meat-boy-forever-gamerip-2020"",""khinsider_album_title"":""Super Meat Boy Forever (super-meat-boy-forever-gamerip-2020)"",""khinsider_album_kind"":""official_or_gamerip"",""khinsider_album_match_score"":100.0,""relevance_score_100"":100.0,""popularity_score_100"":36.47251216765022,""score_100"":74.58900486706008,""popularity_basis"":""BeatHit master-list game rank plus track position proxy""}"
168,Chapter 1 Menus,Unknown credited artist,[],Super Meat Boy! Digital Special Edition Soundtrack (super-meat-boy-digital-special-edition-soundtrack),,,"[""video game soundtrack""]","[""und""]",,,,Super Meat Boy,,,khinsider_track_prominence_proxy,36.47251216765022,score_0_100,,,,74.58900486706008,,,,https://downloads.khinsider.com/game-soundtracks/album/super-meat-boy-digital-special-edition-soundtrack,2026-10-05,Track title is taken from KHInsider's soundtrack/gamerip album index. Popularity is an explicitly labelled proxy based on BeatHit game rank and track prominence.,"{""culture_category"":""video_game_music"",""video_game"":""Super Meat Boy"",""game_rank"":1413,""game_association_kind"":""khinsider_game_soundtrack"",""khinsider_album_url"":""https://downloads.khinsider.com/game-soundtracks/album/super-meat-boy-digital-special-edition-soundtrack"",""khinsider_album_title"":""Super Meat Boy! Digital Special Edition Soundtrack (super-meat-boy-digital-special-edition-soundtrack)"",""khinsider_album_kind"":""official_or_gamerip"",""khinsider_album_match_score"":100.0,""relevance_score_100"":100.0,""popularity_score_100"":36.47251216765022,""score_100"":74.58900486706008,""popularity_basis"":""BeatHit master-list game rank plus track position proxy""}"
169,dB soundworks - Escape!,Unknown credited artist,[],Super Meat Boy BSO (super-meat-boy-bso),,,"[""video game soundtrack""]","[""und""]",,,,Super Meat Boy,,,khinsider_track_prominence_proxy,40.882512167650226,score_0_100,,,,74.55300486706008,,,,https://downloads.khinsider.com/game-soundtracks/album/super-meat-boy-bso,2026-10-05,Track title is taken from KHInsider's soundtrack/gamerip album index. Popularity is an explicitly labelled proxy based on BeatHit game rank and track prominence.,"{""culture_category"":""video_game_music"",""video_game"":""Super Meat Boy"",""game_rank"":1413,""game_association_kind"":""khinsider_game_soundtrack"",""khinsider_album_url"":""https://downloads.khinsider.com/game-soundtracks/album/super-meat-boy-bso"",""khinsider_album_title"":""Super Meat Boy BSO (super-meat-boy-bso)"",""khinsider_album_kind"":""unclassified_game_album"",""khinsider_album_match_score"":100.0,""relevance_score_100"":97.0,""popularity_score_100"":40.882512167650226,""score_100"":74.55300486706008,""popularity_basis"":""BeatHit master-list game rank plus track position proxy""}"
170,Glitch 3,Unknown credited artist,[],Super Meat Boy (super-meat-boy-2015-ps-vita-gamerip),,,"[""video game soundtrack""]","[""und""]",,,,Super Meat Boy,,,khinsider_track_prominence_proxy,36.26251216765022,score_0_100,,,,74.5050048670601,,,,https://downloads.khinsider.com/game-soundtracks/album/super-meat-boy-2015-ps-vita-gamerip,2026-10-05,Track title is taken from KHInsider's soundtrack/gamerip album index. Popularity is an explicitly labelled proxy based on BeatHit game rank and track prominence.,"{""culture_category"":""video_game_music"",""video_game"":""Super Meat Boy"",""game_rank"":1413,""game_association_kind"":""khinsider_game_soundtrack"",""khinsider_album_url"":""https://downloads.khinsider.com/game-soundtracks/album/super-meat-boy-2015-ps-vita-gamerip"",""khinsider_album_title"":""Super Meat Boy (super-meat-boy-2015-ps-vita-gamerip)"",""khinsider_album_kind"":""official_or_gamerip"",""khinsider_album_match_score"":100.0,""relevance_score_100"":100.0,""popularity_score_100"":36.26251216765022,""score_100"":74.5050048670601,""popularity_basis"":""BeatHit master-list game rank plus track position proxy""}"
171,Track 42,Unknown credited artist,[],Super Meat Boy Forever (super-meat-boy-forever-gamerip-2020),,,"[""video game soundtrack""]","[""und""]",,,,Super Meat Boy,,,khinsider_track_prominence_proxy,36.26251216765022,score_0_100,,,,74.5050048670601,,,,https://downloads.khinsider.com/game-soundtracks/album/super-meat-boy-forever-gamerip-2020,2026-10-05,Track title is taken from KHInsider's soundtrack/gamerip album index. Popularity is an explicitly labelled proxy based on BeatHit game rank and track prominence.,"{""culture_category"":""video_game_music"",""video_game"":""Super Meat Boy"",""game_rank"":1413,""game_association_kind"":""khinsider_game_soundtrack"",""khinsider_album_url"":""https://downloads.khinsider.com/game-soundtracks/album/super-meat-boy-forever-gamerip-2020"",""khinsider_album_title"":""Super Meat Boy Forever (super-meat-boy-forever-gamerip-2020)"",""khinsider_album_kind"":""official_or_gamerip"",""khinsider_album_match_score"":100.0,""relevance_score_100"":100.0,""popularity_score_100"":36.26251216765022,""score_100"":74.5050048670601,""popularity_basis"":""BeatHit master-list game rank plus track position proxy""}"
172,Meat Boy (Flash) - Forest,Unknown credited artist,[],Super Meat Boy! Digital Special Edition Soundtrack (super-meat-boy-digital-special-edition-soundtrack),,,"[""video game soundtrack""]","[""und""]",,,,Super Meat Boy,,,khinsider_track_prominence_proxy,36.26251216765022,score_0_100,,,,74.5050048670601,,,,https://downloads.khinsider.com/game-soundtracks/album/super-meat-boy-digital-special-edition-soundtrack,2026-10-05,Track title is taken from KHInsider's soundtrack/gamerip album index. Popularity is an explicitly labelled proxy based on BeatHit game rank and track prominence.,"{""culture_category"":""video_game_music"",""video_game"":""Super Meat Boy"",""game_rank"":1413,""game_association_kind"":""khinsider_game_soundtrack"",""khinsider_album_url"":""https://downloads.khinsider.com/game-soundtracks/album/super-meat-boy-digital-special-edition-soundtrack"",""khinsider_album_title"":""Super Meat Boy! Digital Special Edition Soundtrack (super-meat-boy-digital-special-edition-soundtrack)"",""khinsider_album_kind"":""official_or_gamerip"",""khinsider_album_match_score"":100.0,""relevance_score_100"":100.0,""popularity_score_100"":36.26251216765022,""score_100"":74.5050048670601,""popularity_basis"":""BeatHit master-list game rank plus track position proxy""}"
173,dB soundworks - End Credits,Unknown credited artist,[],Super Meat Boy BSO (super-meat-boy-bso),,,"[""video game soundtrack""]","[""und""]",,,,Super Meat Boy,,,khinsider_track_prominence_proxy,40.672512167650225,score_0_100,,,,74.46900486706008,,,,https://downloads.khinsider.com/game-soundtracks/album/super-meat-boy-bso,2026-10-05,Track title is taken from KHInsider's soundtrack/gamerip album index. Popularity is an explicitly labelled proxy based on BeatHit game rank and track prominence.,"{""culture_category"":""video_game_music"",""video_game"":""Super Meat Boy"",""game_rank"":1413,""game_association_kind"":""khinsider_game_soundtrack"",""khinsider_album_url"":""https://downloads.khinsider.com/game-soundtracks/album/super-meat-boy-bso"",""khinsider_album_title"":""Super Meat Boy BSO (super-meat-boy-bso)"",""khinsider_album_kind"":""unclassified_game_album"",""khinsider_album_match_score"":100.0,""relevance_score_100"":97.0,""popularity_score_100"":40.672512167650225,""score_100"":74.46900486706008,""popularity_basis"":""BeatHit master-list game rank plus track position proxy""}"
174,H Evil Menu Loop,Unknown credited artist,[],Super Meat Boy (super-meat-boy-2015-ps-vita-gamerip),,,"[""video game soundtrack""]","[""und""]",,,,Super Meat Boy,,,khinsider_track_prominence_proxy,36.05251216765022,score_0_100,,,,74.42100486706009,,,,https://downloads.khinsider.com/game-soundtracks/album/super-meat-boy-2015-ps-vita-gamerip,2026-10-05,Track title is taken from KHInsider's soundtrack/gamerip album index. Popularity is an explicitly labelled proxy based on BeatHit game rank and track prominence.,"{""culture_category"":""video_game_music"",""video_game"":""Super Meat Boy"",""game_rank"":1413,""game_association_kind"":""khinsider_game_soundtrack"",""khinsider_album_url"":""https://downloads.khinsider.com/game-soundtracks/album/super-meat-boy-2015-ps-vita-gamerip"",""khinsider_album_title"":""Super Meat Boy (super-meat-boy-2015-ps-vita-gamerip)"",""khinsider_album_kind"":""official_or_gamerip"",""khinsider_album_match_score"":100.0,""relevance_score_100"":100.0,""popularity_score_100"":36.05251216765022,""score_100"":74.42100486706009,""popularity_basis"":""BeatHit master-list game rank plus track position proxy""}"
175,Track 43,Unknown credited artist,[],Super Meat Boy Forever (super-meat-boy-forever-gamerip-2020),,,"[""video game soundtrack""]","[""und""]",,,,Super Meat Boy,,,khinsider_track_prominence_proxy,36.05251216765022,score_0_100,,,,74.42100486706009,,,,https://downloads.khinsider.com/game-soundtracks/album/super-meat-boy-forever-gamerip-2020,2026-10-05,Track title is taken from KHInsider's soundtrack/gamerip album index. Popularity is an explicitly labelled proxy based on BeatHit game rank and track prominence.,"{""culture_category"":""video_game_music"",""video_game"":""Super Meat Boy"",""game_rank"":1413,""game_association_kind"":""khinsider_game_soundtrack"",""khinsider_album_url"":""https://downloads.khinsider.com/game-soundtracks/album/super-meat-boy-forever-gamerip-2020"",""khinsider_album_title"":""Super Meat Boy Forever (super-meat-boy-forever-gamerip-2020)"",""khinsider_album_kind"":""official_or_gamerip"",""khinsider_album_match_score"":100.0,""relevance_score_100"":100.0,""popularity_score_100"":36.05251216765022,""score_100"":74.42100486706009,""popularity_basis"":""BeatHit master-list game rank plus track position proxy""}"
176,The Tragic Squirrel,Unknown credited artist,[],Super Meat Boy! Digital Special Edition Soundtrack (super-meat-boy-digital-special-edition-soundtrack),,,"[""video game soundtrack""]","[""und""]",,,,Super Meat Boy,,,khinsider_track_prominence_proxy,36.05251216765022,score_0_100,,,,74.42100486706009,,,,https://downloads.khinsider.com/game-soundtracks/album/super-meat-boy-digital-special-edition-soundtrack,2026-10-05,Track title is taken from KHInsider's soundtrack/gamerip album index. Popularity is an explicitly labelled proxy based on BeatHit game rank and track prominence.,"{""culture_category"":""video_game_music"",""video_game"":""Super Meat Boy"",""game_rank"":1413,""game_association_kind"":""khinsider_game_soundtrack"",""khinsider_album_url"":""https://downloads.khinsider.com/game-soundtracks/album/super-meat-boy-digital-special-edition-soundtrack"",""khinsider_album_title"":""Super Meat Boy! Digital Special Edition Soundtrack (super-meat-boy-digital-special-edition-soundtrack)"",""khinsider_album_kind"":""official_or_gamerip"",""khinsider_album_match_score"":100.0,""relevance_score_100"":100.0,""popularity_score_100"":36.05251216765022,""score_100"":74.42100486706009,""popularity_basis"":""BeatHit master-list game rank plus track position proxy""}"
177,dB soundworks - McLarty Party People (Ch 7 Levels),Unknown credited artist,[],Super Meat Boy BSO (super-meat-boy-bso),,,"[""video game soundtrack""]","[""und""]",,,,Super Meat Boy,,,khinsider_track_prominence_proxy,40.462512167650225,score_0_100,,,,74.38500486706009,,,,https://downloads.khinsider.com/game-soundtracks/album/super-meat-boy-bso,2026-10-05,Track title is taken from KHInsider's soundtrack/gamerip album index. Popularity is an explicitly labelled proxy based on BeatHit game rank and track prominence.,"{""culture_category"":""video_game_music"",""video_game"":""Super Meat Boy"",""game_rank"":1413,""game_association_kind"":""khinsider_game_soundtrack"",""khinsider_album_url"":""https://downloads.khinsider.com/game-soundtracks/album/super-meat-boy-bso"",""khinsider_album_title"":""Super Meat Boy BSO (super-meat-boy-bso)"",""khinsider_album_kind"":""unclassified_game_album"",""khinsider_album_match_score"":100.0,""relevance_score_100"":97.0,""popularity_score_100"":40.462512167650225,""score_100"":74.38500486706009,""popularity_basis"":""BeatHit master-list game rank plus track position proxy""}"
178,Betus Blues (Piano),Unknown credited artist,[],Super Meat Boy! - Choice Piano Cuts (super-meat-boy-choice-piano-cuts-2011),,,"[""video game soundtrack""]","[""und""]",,,,Super Meat Boy,,,khinsider_track_prominence_proxy,44.87251216765023,score_0_100,,,,74.34900486706009,,,,https://downloads.khinsider.com/game-soundtracks/album/super-meat-boy-choice-piano-cuts-2011,2026-10-05,Track title is taken from KHInsider's soundtrack/gamerip album index. Popularity is an explicitly labelled proxy based on BeatHit game rank and track prominence.,"{""culture_category"":""video_game_music"",""video_game"":""Super Meat Boy"",""game_rank"":1413,""game_association_kind"":""khinsider_game_soundtrack"",""khinsider_album_url"":""https://downloads.khinsider.com/game-soundtracks/album/super-meat-boy-choice-piano-cuts-2011"",""khinsider_album_title"":""Super Meat Boy! - Choice Piano Cuts (super-meat-boy-choice-piano-cuts-2011)"",""khinsider_album_kind"":""arrangement"",""khinsider_album_match_score"":100.0,""relevance_score_100"":94.0,""popularity_score_100"":44.87251216765023,""score_100"":74.34900486706009,""popularity_basis"":""BeatHit master-list game rank plus track position proxy""}"
179,H Menu Loop,Unknown credited artist,[],Super Meat Boy (super-meat-boy-2015-ps-vita-gamerip),,,"[""video game soundtrack""]","[""und""]",,,,Super Meat Boy,,,khinsider_track_prominence_proxy,35.84251216765023,score_0_100,,,,74.33700486706009,,,,https://downloads.khinsider.com/game-soundtracks/album/super-meat-boy-2015-ps-vita-gamerip,2026-10-05,Track title is taken from KHInsider's soundtrack/gamerip album index. Popularity is an explicitly labelled proxy based on BeatHit game rank and track prominence.,"{""culture_category"":""video_game_music"",""video_game"":""Super Meat Boy"",""game_rank"":1413,""game_association_kind"":""khinsider_game_soundtrack"",""khinsider_album_url"":""https://downloads.khinsider.com/game-soundtracks/album/super-meat-boy-2015-ps-vita-gamerip"",""khinsider_album_title"":""Super Meat Boy (super-meat-boy-2015-ps-vita-gamerip)"",""khinsider_album_kind"":""official_or_gamerip"",""khinsider_album_match_score"":100.0,""relevance_score_100"":100.0,""popularity_score_100"":35.84251216765023,""score_100"":74.33700486706009,""popularity_basis"":""BeatHit master-list game rank plus track position proxy""}"
180,Track 44,Unknown credited artist,[],Super Meat Boy Forever (super-meat-boy-forever-gamerip-2020),,,"[""video game soundtrack""]","[""und""]",,,,Super Meat Boy,,,khinsider_track_prominence_proxy,35.84251216765023,score_0_100,,,,74.33700486706009,,,,https://downloads.khinsider.com/game-soundtracks/album/super-meat-boy-forever-gamerip-2020,2026-10-05,Track title is taken from KHInsider's soundtrack/gamerip album index. Popularity is an explicitly labelled proxy based on BeatHit game rank and track prominence.,"{""culture_category"":""video_game_music"",""video_game"":""Super Meat Boy"",""game_rank"":1413,""game_association_kind"":""khinsider_game_soundtrack"",""khinsider_album_url"":""https://downloads.khinsider.com/game-soundtracks/album/super-meat-boy-forever-gamerip-2020"",""khinsider_album_title"":""Super Meat Boy Forever (super-meat-boy-forever-gamerip-2020)"",""khinsider_album_kind"":""official_or_gamerip"",""khinsider_album_match_score"":100.0,""relevance_score_100"":100.0,""popularity_score_100"":35.84251216765023,""score_100"":74.33700486706009,""popularity_basis"":""BeatHit master-list game rank plus track position proxy""}"
181,Wups!,Unknown credited artist,[],Super Meat Boy! Digital Special Edition Soundtrack (super-meat-boy-digital-special-edition-soundtrack),,,"[""video game soundtrack""]","[""und""]",,,,Super Meat Boy,,,khinsider_track_prominence_proxy,35.84251216765023,score_0_100,,,,74.33700486706009,,,,https://downloads.khinsider.com/game-soundtracks/album/super-meat-boy-digital-special-edition-soundtrack,2026-10-05,Track title is taken from KHInsider's soundtrack/gamerip album index. Popularity is an explicitly labelled proxy based on BeatHit game rank and track prominence.,"{""culture_category"":""video_game_music"",""video_game"":""Super Meat Boy"",""game_rank"":1413,""game_association_kind"":""khinsider_game_soundtrack"",""khinsider_album_url"":""https://downloads.khinsider.com/game-soundtracks/album/super-meat-boy-digital-special-edition-soundtrack"",""khinsider_album_title"":""Super Meat Boy! Digital Special Edition Soundtrack (super-meat-boy-digital-special-edition-soundtrack)"",""khinsider_album_kind"":""official_or_gamerip"",""khinsider_album_match_score"":100.0,""relevance_score_100"":100.0,""popularity_score_100"":35.84251216765023,""score_100"":74.33700486706009,""popularity_basis"":""BeatHit master-list game rank plus track position proxy""}"
182,dB soundworks - Meat Spin (Teh Internets Levels),Unknown credited artist,[],Super Meat Boy BSO (super-meat-boy-bso),,,"[""video game soundtrack""]","[""und""]",,,,Super Meat Boy,,,khinsider_track_prominence_proxy,40.252512167650224,score_0_100,,,,74.30100486706009,,,,https://downloads.khinsider.com/game-soundtracks/album/super-meat-boy-bso,2026-10-05,Track title is taken from KHInsider's soundtrack/gamerip album index. Popularity is an explicitly labelled proxy based on BeatHit game rank and track prominence.,"{""culture_category"":""video_game_music"",""video_game"":""Super Meat Boy"",""game_rank"":1413,""game_association_kind"":""khinsider_game_soundtrack"",""khinsider_album_url"":""https://downloads.khinsider.com/game-soundtracks/album/super-meat-boy-bso"",""khinsider_album_title"":""Super Meat Boy BSO (super-meat-boy-bso)"",""khinsider_album_kind"":""unclassified_game_album"",""khinsider_album_match_score"":100.0,""relevance_score_100"":97.0,""popularity_score_100"":40.252512167650224,""score_100"":74.30100486706009,""popularity_basis"":""BeatHit master-list game rank plus track position proxy""}"
183,The Forest Medley (Piano),Unknown credited artist,[],Super Meat Boy! - Choice Piano Cuts (super-meat-boy-choice-piano-cuts-2011),,,"[""video game soundtrack""]","[""und""]",,,,Super Meat Boy,,,khinsider_track_prominence_proxy,44.66251216765022,score_0_100,,,,74.26500486706009,,,,https://downloads.khinsider.com/game-soundtracks/album/super-meat-boy-choice-piano-cuts-2011,2026-10-05,Track title is taken from KHInsider's soundtrack/gamerip album index. Popularity is an explicitly labelled proxy based on BeatHit game rank and track prominence.,"{""culture_category"":""video_game_music"",""video_game"":""Super Meat Boy"",""game_rank"":1413,""game_association_kind"":""khinsider_game_soundtrack"",""khinsider_album_url"":""https://downloads.khinsider.com/game-soundtracks/album/super-meat-boy-choice-piano-cuts-2011"",""khinsider_album_title"":""Super Meat Boy! - Choice Piano Cuts (super-meat-boy-choice-piano-cuts-2011)"",""khinsider_album_kind"":""arrangement"",""khinsider_album_match_score"":100.0,""relevance_score_100"":94.0,""popularity_score_100"":44.66251216765022,""score_100"":74.26500486706009,""popularity_basis"":""BeatHit master-list game rank plus track position proxy""}"
184,Hard Hell,Unknown credited artist,[],Super Meat Boy (super-meat-boy-2015-ps-vita-gamerip),,,"[""video game soundtrack""]","[""und""]",,,,Super Meat Boy,,,khinsider_track_prominence_proxy,35.632512167650226,score_0_100,,,,74.2530048670601,,,,https://downloads.khinsider.com/game-soundtracks/album/super-meat-boy-2015-ps-vita-gamerip,2026-10-05,Track title is taken from KHInsider's soundtrack/gamerip album index. Popularity is an explicitly labelled proxy based on BeatHit game rank and track prominence.,"{""culture_category"":""video_game_music"",""video_game"":""Super Meat Boy"",""game_rank"":1413,""game_association_kind"":""khinsider_game_soundtrack"",""khinsider_album_url"":""https://downloads.khinsider.com/game-soundtracks/album/super-meat-boy-2015-ps-vita-gamerip"",""khinsider_album_title"":""Super Meat Boy (super-meat-boy-2015-ps-vita-gamerip)"",""khinsider_album_kind"":""official_or_gamerip"",""khinsider_album_match_score"":100.0,""relevance_score_100"":100.0,""popularity_score_100"":35.632512167650226,""score_100"":74.2530048670601,""popularity_basis"":""BeatHit master-list game rank plus track position proxy""}"
185,Track 45,Unknown credited artist,[],Super Meat Boy Forever (super-meat-boy-forever-gamerip-2020),,,"[""video game soundtrack""]","[""und""]",,,,Super Meat Boy,,,khinsider_track_prominence_proxy,35.632512167650226,score_0_100,,,,74.2530048670601,,,,https://downloads.khinsider.com/game-soundtracks/album/super-meat-boy-forever-gamerip-2020,2026-10-05,Track title is taken from KHInsider's soundtrack/gamerip album index. Popularity is an explicitly labelled proxy based on BeatHit game rank and track prominence.,"{""culture_category"":""video_game_music"",""video_game"":""Super Meat Boy"",""game_rank"":1413,""game_association_kind"":""khinsider_game_soundtrack"",""khinsider_album_url"":""https://downloads.khinsider.com/game-soundtracks/album/super-meat-boy-forever-gamerip-2020"",""khinsider_album_title"":""Super Meat Boy Forever (super-meat-boy-forever-gamerip-2020)"",""khinsider_album_kind"":""official_or_gamerip"",""khinsider_album_match_score"":100.0,""relevance_score_100"":100.0,""popularity_score_100"":35.632512167650226,""score_100"":74.2530048670601,""popularity_basis"":""BeatHit master-list game rank plus track position proxy""}"
186,Meatroidvania,Unknown credited artist,[],Super Meat Boy! Digital Special Edition Soundtrack (super-meat-boy-digital-special-edition-soundtrack),,,"[""video game soundtrack""]","[""und""]",,,,Super Meat Boy,,,khinsider_track_prominence_proxy,35.632512167650226,score_0_100,,,,74.2530048670601,,,,https://downloads.khinsider.com/game-soundtracks/album/super-meat-boy-digital-special-edition-soundtrack,2026-10-05,Track title is taken from KHInsider's soundtrack/gamerip album index. Popularity is an explicitly labelled proxy based on BeatHit game rank and track prominence.,"{""culture_category"":""video_game_music"",""video_game"":""Super Meat Boy"",""game_rank"":1413,""game_association_kind"":""khinsider_game_soundtrack"",""khinsider_album_url"":""https://downloads.khinsider.com/game-soundtracks/album/super-meat-boy-digital-special-edition-soundtrack"",""khinsider_album_title"":""Super Meat Boy! Digital Special Edition Soundtrack (super-meat-boy-digital-special-edition-soundtrack)"",""khinsider_album_kind"":""official_or_gamerip"",""khinsider_album_match_score"":100.0,""relevance_score_100"":100.0,""popularity_score_100"":35.632512167650226,""score_100"":74.2530048670601,""popularity_basis"":""BeatHit master-list game rank plus track position proxy""}"
187,dB soundworks - Forest Funk RETRO (Ch 1 Warp Zone),Unknown credited artist,[],Super Meat Boy BSO (super-meat-boy-bso),,,"[""video game soundtrack""]","[""und""]",,,,Super Meat Boy,,,khinsider_track_prominence_proxy,40.04251216765023,score_0_100,,,,74.21700486706008,,,,https://downloads.khinsider.com/game-soundtracks/album/super-meat-boy-bso,2026-10-05,Track title is taken from KHInsider's soundtrack/gamerip album index. Popularity is an explicitly labelled proxy based on BeatHit game rank and track prominence.,"{""culture_category"":""video_game_music"",""video_game"":""Super Meat Boy"",""game_rank"":1413,""game_association_kind"":""khinsider_game_soundtrack"",""khinsider_album_url"":""https://downloads.khinsider.com/game-soundtracks/album/super-meat-boy-bso"",""khinsider_album_title"":""Super Meat Boy BSO (super-meat-boy-bso)"",""khinsider_album_kind"":""unclassified_game_album"",""khinsider_album_match_score"":100.0,""relevance_score_100"":97.0,""popularity_score_100"":40.04251216765023,""score_100"":74.21700486706008,""popularity_basis"":""BeatHit master-list game rank plus track position proxy""}"
188,C.H.A.D.'s Lullaby (Piano),Unknown credited artist,[],Super Meat Boy! - Choice Piano Cuts (super-meat-boy-choice-piano-cuts-2011),,,"[""video game soundtrack""]","[""und""]",,,,Super Meat Boy,,,khinsider_track_prominence_proxy,44.45251216765023,score_0_100,,,,74.1810048670601,,,,https://downloads.khinsider.com/game-soundtracks/album/super-meat-boy-choice-piano-cuts-2011,2026-10-05,Track title is taken from KHInsider's soundtrack/gamerip album index. Popularity is an explicitly labelled proxy based on BeatHit game rank and track prominence.,"{""culture_category"":""video_game_music"",""video_game"":""Super Meat Boy"",""game_rank"":1413,""game_association_kind"":""khinsider_game_soundtrack"",""khinsider_album_url"":""https://downloads.khinsider.com/game-soundtracks/album/super-meat-boy-choice-piano-cuts-2011"",""khinsider_album_title"":""Super Meat Boy! - Choice Piano Cuts (super-meat-boy-choice-piano-cuts-2011)"",""khinsider_album_kind"":""arrangement"",""khinsider_album_match_score"":100.0,""relevance_score_100"":94.0,""popularity_score_100"":44.45251216765023,""score_100"":74.1810048670601,""popularity_basis"":""BeatHit master-list game rank plus track position proxy""}"
189,Hell,Unknown credited artist,[],Super Meat Boy (super-meat-boy-2015-ps-vita-gamerip),,,"[""video game soundtrack""]","[""und""]",,,,Super Meat Boy,,,khinsider_track_prominence_proxy,35.422512167650225,score_0_100,,,,74.1690048670601,,,,https://downloads.khinsider.com/game-soundtracks/album/super-meat-boy-2015-ps-vita-gamerip,2026-10-05,Track title is taken from KHInsider's soundtrack/gamerip album index. Popularity is an explicitly labelled proxy based on BeatHit game rank and track prominence.,"{""culture_category"":""video_game_music"",""video_game"":""Super Meat Boy"",""game_rank"":1413,""game_association_kind"":""khinsider_game_soundtrack"",""khinsider_album_url"":""https://downloads.khinsider.com/game-soundtracks/album/super-meat-boy-2015-ps-vita-gamerip"",""khinsider_album_title"":""Super Meat Boy (super-meat-boy-2015-ps-vita-gamerip)"",""khinsider_album_kind"":""official_or_gamerip"",""khinsider_album_match_score"":100.0,""relevance_score_100"":100.0,""popularity_score_100"":35.422512167650225,""score_100"":74.1690048670601,""popularity_basis"":""BeatHit master-list game rank plus track position proxy""}"
190,Track 46,Unknown credited artist,[],Super Meat Boy Forever (super-meat-boy-forever-gamerip-2020),,,"[""video game soundtrack""]","[""und""]",,,,Super Meat Boy,,,khinsider_track_prominence_proxy,35.422512167650225,score_0_100,,,,74.1690048670601,,,,https://downloads.khinsider.com/game-soundtracks/album/super-meat-boy-forever-gamerip-2020,2026-10-05,Track title is taken from KHInsider's soundtrack/gamerip album index. Popularity is an explicitly labelled proxy based on BeatHit game rank and track prominence.,"{""culture_category"":""video_game_music"",""video_game"":""Super Meat Boy"",""game_rank"":1413,""game_association_kind"":""khinsider_game_soundtrack"",""khinsider_album_url"":""https://downloads.khinsider.com/game-soundtracks/album/super-meat-boy-forever-gamerip-2020"",""khinsider_album_title"":""Super Meat Boy Forever (super-meat-boy-forever-gamerip-2020)"",""khinsider_album_kind"":""official_or_gamerip"",""khinsider_album_match_score"":100.0,""relevance_score_100"":100.0,""popularity_score_100"":35.422512167650225,""score_100"":74.1690048670601,""popularity_basis"":""BeatHit master-list game rank plus track position proxy""}"
191,Chapter 2 Menus,Unknown credited artist,[],Super Meat Boy! Digital Special Edition Soundtrack (super-meat-boy-digital-special-edition-soundtrack),,,"[""video game soundtrack""]","[""und""]",,,,Super Meat Boy,,,khinsider_track_prominence_proxy,35.422512167650225,score_0_100,,,,74.1690048670601,,,,https://downloads.khinsider.com/game-soundtracks/album/super-meat-boy-digital-special-edition-soundtrack,2026-10-05,Track title is taken from KHInsider's soundtrack/gamerip album index. Popularity is an explicitly labelled proxy based on BeatHit game rank and track prominence.,"{""culture_category"":""video_game_music"",""video_game"":""Super Meat Boy"",""game_rank"":1413,""game_association_kind"":""khinsider_game_soundtrack"",""khinsider_album_url"":""https://downloads.khinsider.com/game-soundtracks/album/super-meat-boy-digital-special-edition-soundtrack"",""khinsider_album_title"":""Super Meat Boy! Digital Special Edition Soundtrack (super-meat-boy-digital-special-edition-soundtrack)"",""khinsider_album_kind"":""official_or_gamerip"",""khinsider_album_match_score"":100.0,""relevance_score_100"":100.0,""popularity_score_100"":35.422512167650225,""score_100"":74.1690048670601,""popularity_basis"":""BeatHit master-list game rank plus track position proxy""}"
192,dB soundworks - Betus Blues RETRO (Ch 2 Warp Zone),Unknown credited artist,[],Super Meat Boy BSO (super-meat-boy-bso),,,"[""video game soundtrack""]","[""und""]",,,,Super Meat Boy,,,khinsider_track_prominence_proxy,39.83251216765022,score_0_100,,,,74.13300486706008,,,,https://downloads.khinsider.com/game-soundtracks/album/super-meat-boy-bso,2026-10-05,Track title is taken from KHInsider's soundtrack/gamerip album index. Popularity is an explicitly labelled proxy based on BeatHit game rank and track prominence.,"{""culture_category"":""video_game_music"",""video_game"":""Super Meat Boy"",""game_rank"":1413,""game_association_kind"":""khinsider_game_soundtrack"",""khinsider_album_url"":""https://downloads.khinsider.com/game-soundtracks/album/super-meat-boy-bso"",""khinsider_album_title"":""Super Meat Boy BSO (super-meat-boy-bso)"",""khinsider_album_kind"":""unclassified_game_album"",""khinsider_album_match_score"":100.0,""relevance_score_100"":97.0,""popularity_score_100"":39.83251216765022,""score_100"":74.13300486706008,""popularity_basis"":""BeatHit master-list game rank plus track position proxy""}"
193,It Ends (Piano),Unknown credited artist,[],Super Meat Boy! - Choice Piano Cuts (super-meat-boy-choice-piano-cuts-2011),,,"[""video game soundtrack""]","[""und""]",,,,Super Meat Boy,,,khinsider_track_prominence_proxy,44.242512167650226,score_0_100,,,,74.0970048670601,,,,https://downloads.khinsider.com/game-soundtracks/album/super-meat-boy-choice-piano-cuts-2011,2026-10-05,Track title is taken from KHInsider's soundtrack/gamerip album index. Popularity is an explicitly labelled proxy based on BeatHit game rank and track prominence.,"{""culture_category"":""video_game_music"",""video_game"":""Super Meat Boy"",""game_rank"":1413,""game_association_kind"":""khinsider_game_soundtrack"",""khinsider_album_url"":""https://downloads.khinsider.com/game-soundtracks/album/super-meat-boy-choice-piano-cuts-2011"",""khinsider_album_title"":""Super Meat Boy! - Choice Piano Cuts (super-meat-boy-choice-piano-cuts-2011)"",""khinsider_album_kind"":""arrangement"",""khinsider_album_match_score"":100.0,""relevance_score_100"":94.0,""popularity_score_100"":44.242512167650226,""score_100"":74.0970048670601,""popularity_basis"":""BeatHit master-list game rank plus track position proxy""}"
194,Hell Porta L2,Unknown credited artist,[],Super Meat Boy (super-meat-boy-2015-ps-vita-gamerip),,,"[""video game soundtrack""]","[""und""]",,,,Super Meat Boy,,,khinsider_track_prominence_proxy,35.21251216765023,score_0_100,,,,74.08500486706009,,,,https://downloads.khinsider.com/game-soundtracks/album/super-meat-boy-2015-ps-vita-gamerip,2026-10-05,Track title is taken from KHInsider's soundtrack/gamerip album index. Popularity is an explicitly labelled proxy based on BeatHit game rank and track prominence.,"{""culture_category"":""video_game_music"",""video_game"":""Super Meat Boy"",""game_rank"":1413,""game_association_kind"":""khinsider_game_soundtrack"",""khinsider_album_url"":""https://downloads.khinsider.com/game-soundtracks/album/super-meat-boy-2015-ps-vita-gamerip"",""khinsider_album_title"":""Super Meat Boy (super-meat-boy-2015-ps-vita-gamerip)"",""khinsider_album_kind"":""official_or_gamerip"",""khinsider_album_match_score"":100.0,""relevance_score_100"":100.0,""popularity_score_100"":35.21251216765023,""score_100"":74.08500486706009,""popularity_basis"":""BeatHit master-list game rank plus track position proxy""}"
195,Track 47,Unknown credited artist,[],Super Meat Boy Forever (super-meat-boy-forever-gamerip-2020),,,"[""video game soundtrack""]","[""und""]",,,,Super Meat Boy,,,khinsider_track_prominence_proxy,35.21251216765023,score_0_100,,,,74.08500486706009,,,,https://downloads.khinsider.com/game-soundtracks/album/super-meat-boy-forever-gamerip-2020,2026-10-05,Track title is taken from KHInsider's soundtrack/gamerip album index. Popularity is an explicitly labelled proxy based on BeatHit game rank and track prominence.,"{""culture_category"":""video_game_music"",""video_game"":""Super Meat Boy"",""game_rank"":1413,""game_association_kind"":""khinsider_game_soundtrack"",""khinsider_album_url"":""https://downloads.khinsider.com/game-soundtracks/album/super-meat-boy-forever-gamerip-2020"",""khinsider_album_title"":""Super Meat Boy Forever (super-meat-boy-forever-gamerip-2020)"",""khinsider_album_kind"":""official_or_gamerip"",""khinsider_album_match_score"":100.0,""relevance_score_100"":100.0,""popularity_score_100"":35.21251216765023,""score_100"":74.08500486706009,""popularity_basis"":""BeatHit master-list game rank plus track position proxy""}"
196,..And Potatoes,Unknown credited artist,[],Super Meat Boy! Digital Special Edition Soundtrack (super-meat-boy-digital-special-edition-soundtrack),,,"[""video game soundtrack""]","[""und""]",,,,Super Meat Boy,,,khinsider_track_prominence_proxy,35.21251216765023,score_0_100,,,,74.08500486706009,,,,https://downloads.khinsider.com/game-soundtracks/album/super-meat-boy-digital-special-edition-soundtrack,2026-10-05,Track title is taken from KHInsider's soundtrack/gamerip album index. Popularity is an explicitly labelled proxy based on BeatHit game rank and track prominence.,"{""culture_category"":""video_game_music"",""video_game"":""Super Meat Boy"",""game_rank"":1413,""game_association_kind"":""khinsider_game_soundtrack"",""khinsider_album_url"":""https://downloads.khinsider.com/game-soundtracks/album/super-meat-boy-digital-special-edition-soundtrack"",""khinsider_album_title"":""Super Meat Boy! Digital Special Edition Soundtrack (super-meat-boy-digital-special-edition-soundtrack)"",""khinsider_album_kind"":""official_or_gamerip"",""khinsider_album_match_score"":100.0,""relevance_score_100"":100.0,""popularity_score_100"":35.21251216765023,""score_100"":74.08500486706009,""popularity_basis"":""BeatHit master-list game rank plus track position proxy""}"
197,dB soundworks - Can o' Salt RETRO (Ch 3 Warp Zone),Unknown credited artist,[],Super Meat Boy BSO (super-meat-boy-bso),,,"[""video game soundtrack""]","[""und""]",,,,Super Meat Boy,,,khinsider_track_prominence_proxy,39.62251216765023,score_0_100,,,,74.04900486706009,,,,https://downloads.khinsider.com/game-soundtracks/album/super-meat-boy-bso,2026-10-05,Track title is taken from KHInsider's soundtrack/gamerip album index. Popularity is an explicitly labelled proxy based on BeatHit game rank and track prominence.,"{""culture_category"":""video_game_music"",""video_game"":""Super Meat Boy"",""game_rank"":1413,""game_association_kind"":""khinsider_game_soundtrack"",""khinsider_album_url"":""https://downloads.khinsider.com/game-soundtracks/album/super-meat-boy-bso"",""khinsider_album_title"":""Super Meat Boy BSO (super-meat-boy-bso)"",""khinsider_album_kind"":""unclassified_game_album"",""khinsider_album_match_score"":100.0,""relevance_score_100"":97.0,""popularity_score_100"":39.62251216765023,""score_100"":74.04900486706009,""popularity_basis"":""BeatHit master-list game rank plus track position proxy""}"
198,Meat Golem (Piano),Unknown credited artist,[],Super Meat Boy! - Choice Piano Cuts (super-meat-boy-choice-piano-cuts-2011),,,"[""video game soundtrack""]","[""und""]",,,,Super Meat Boy,,,khinsider_track_prominence_proxy,44.032512167650225,score_0_100,,,,74.01300486706009,,,,https://downloads.khinsider.com/game-soundtracks/album/super-meat-boy-choice-piano-cuts-2011,2026-10-05,Track title is taken from KHInsider's soundtrack/gamerip album index. Popularity is an explicitly labelled proxy based on BeatHit game rank and track prominence.,"{""culture_category"":""video_game_music"",""video_game"":""Super Meat Boy"",""game_rank"":1413,""game_association_kind"":""khinsider_game_soundtrack"",""khinsider_album_url"":""https://downloads.khinsider.com/game-soundtracks/album/super-meat-boy-choice-piano-cuts-2011"",""khinsider_album_title"":""Super Meat Boy! - Choice Piano Cuts (super-meat-boy-choice-piano-cuts-2011)"",""khinsider_album_kind"":""arrangement"",""khinsider_album_match_score"":100.0,""relevance_score_100"":94.0,""popularity_score_100"":44.032512167650225,""score_100"":74.01300486706009,""popularity_basis"":""BeatHit master-list game rank plus track position proxy""}"
199,Hell Portal 1,Unknown credited artist,[],Super Meat Boy (super-meat-boy-2015-ps-vita-gamerip),,,"[""video game soundtrack""]","[""und""]",,,,Super Meat Boy,,,khinsider_track_prominence_proxy,35.002512167650224,score_0_100,,,,74.00100486706009,,,,https://downloads.khinsider.com/game-soundtracks/album/super-meat-boy-2015-ps-vita-gamerip,2026-10-05,Track title is taken from KHInsider's soundtrack/gamerip album index. Popularity is an explicitly labelled proxy based on BeatHit game rank and track prominence.,"{""culture_category"":""video_game_music"",""video_game"":""Super Meat Boy"",""game_rank"":1413,""game_association_kind"":""khinsider_game_soundtrack"",""khinsider_album_url"":""https://downloads.khinsider.com/game-soundtracks/album/super-meat-boy-2015-ps-vita-gamerip"",""khinsider_album_title"":""Super Meat Boy (super-meat-boy-2015-ps-vita-gamerip)"",""khinsider_album_kind"":""official_or_gamerip"",""khinsider_album_match_score"":100.0,""relevance_score_100"":100.0,""popularity_score_100"":35.002512167650224,""score_100"":74.00100486706009,""popularity_basis"":""BeatHit master-list game rank plus track position proxy""}"
200,Track 48,Unknown credited artist,[],Super Meat Boy Forever (super-meat-boy-forever-gamerip-2020),,,"[""video game soundtrack""]","[""und""]",,,,Super Meat Boy,,,khinsider_track_prominence_proxy,35.002512167650224,score_0_100,,,,74.00100486706009,,,,https://downloads.khinsider.com/game-soundtracks/album/super-meat-boy-forever-gamerip-2020,2026-10-05,Track title is taken from KHInsider's soundtrack/gamerip album index. Popularity is an explicitly labelled proxy based on BeatHit game rank and track prominence.,"{""culture_category"":""video_game_music"",""video_game"":""Super Meat Boy"",""game_rank"":1413,""game_association_kind"":""khinsider_game_soundtrack"",""khinsider_album_url"":""https://downloads.khinsider.com/game-soundtracks/album/super-meat-boy-forever-gamerip-2020"",""khinsider_album_title"":""Super Meat Boy Forever (super-meat-boy-forever-gamerip-2020)"",""khinsider_album_kind"":""official_or_gamerip"",""khinsider_album_match_score"":100.0,""relevance_score_100"":100.0,""popularity_score_100"":35.002512167650224,""score_100"":74.00100486706009,""popularity_basis"":""BeatHit master-list game rank plus track position proxy""}"
201,Chapter 2 Cutscene Score,Unknown credited artist,[],Super Meat Boy! Digital Special Edition Soundtrack (super-meat-boy-digital-special-edition-soundtrack),,,"[""video game soundtrack""]","[""und""]",,,,Super Meat Boy,,,khinsider_track_prominence_proxy,35.002512167650224,score_0_100,,,,74.00100486706009,,,,https://downloads.khinsider.com/game-soundtracks/album/super-meat-boy-digital-special-edition-soundtrack,2026-10-05,Track title is taken from KHInsider's soundtrack/gamerip album index. Popularity is an explicitly labelled proxy based on BeatHit game rank and track prominence.,"{""culture_category"":""video_game_music"",""video_game"":""Super Meat Boy"",""game_rank"":1413,""game_association_kind"":""khinsider_game_soundtrack"",""khinsider_album_url"":""https://downloads.khinsider.com/game-soundtracks/album/super-meat-boy-digital-special-edition-soundtrack"",""khinsider_album_title"":""Super Meat Boy! Digital Special Edition Soundtrack (super-meat-boy-digital-special-edition-soundtrack)"",""khinsider_album_kind"":""official_or_gamerip"",""khinsider_album_match_score"":100.0,""relevance_score_100"":100.0,""popularity_score_100"":35.002512167650224,""score_100"":74.00100486706009,""popularity_basis"":""BeatHit master-list game rank plus track position proxy""}"
202,dB soundworks - Hot Damned RETRO (Ch 4 Warp Zone),Unknown credited artist,[],Super Meat Boy BSO (super-meat-boy-bso),,,"[""video game soundtrack""]","[""und""]",,,,Super Meat Boy,,,khinsider_track_prominence_proxy,39.41251216765022,score_0_100,,,,73.96500486706009,,,,https://downloads.khinsider.com/game-soundtracks/album/super-meat-boy-bso,2026-10-05,Track title is taken from KHInsider's soundtrack/gamerip album index. Popularity is an explicitly labelled proxy based on BeatHit game rank and track prominence.,"{""culture_category"":""video_game_music"",""video_game"":""Super Meat Boy"",""game_rank"":1413,""game_association_kind"":""khinsider_game_soundtrack"",""khinsider_album_url"":""https://downloads.khinsider.com/game-soundtracks/album/super-meat-boy-bso"",""khinsider_album_title"":""Super Meat Boy BSO (super-meat-boy-bso)"",""khinsider_album_kind"":""unclassified_game_album"",""khinsider_album_match_score"":100.0,""relevance_score_100"":97.0,""popularity_score_100"":39.41251216765022,""score_100"":73.96500486706009,""popularity_basis"":""BeatHit master-list game rank plus track position proxy""}"
203,Ballad of the Burning Squirrel (Piano),Unknown credited artist,[],Super Meat Boy! - Choice Piano Cuts (super-meat-boy-choice-piano-cuts-2011),,,"[""video game soundtrack""]","[""und""]",,,,Super Meat Boy,,,khinsider_track_prominence_proxy,43.822512167650224,score_0_100,,,,73.92900486706009,,,,https://downloads.khinsider.com/game-soundtracks/album/super-meat-boy-choice-piano-cuts-2011,2026-10-05,Track title is taken from KHInsider's soundtrack/gamerip album index. Popularity is an explicitly labelled proxy based on BeatHit game rank and track prominence.,"{""culture_category"":""video_game_music"",""video_game"":""Super Meat Boy"",""game_rank"":1413,""game_association_kind"":""khinsider_game_soundtrack"",""khinsider_album_url"":""https://downloads.khinsider.com/game-soundtracks/album/super-meat-boy-choice-piano-cuts-2011"",""khinsider_album_title"":""Super Meat Boy! - Choice Piano Cuts (super-meat-boy-choice-piano-cuts-2011)"",""khinsider_album_kind"":""arrangement"",""khinsider_album_match_score"":100.0,""relevance_score_100"":94.0,""popularity_score_100"":43.822512167650224,""score_100"":73.92900486706009,""popularity_basis"":""BeatHit master-list game rank plus track position proxy""}"
204,Internets,Unknown credited artist,[],Super Meat Boy (super-meat-boy-2015-ps-vita-gamerip),,,"[""video game soundtrack""]","[""und""]",,,,Super Meat Boy,,,khinsider_track_prominence_proxy,34.79251216765023,score_0_100,,,,73.91700486706009,,,,https://downloads.khinsider.com/game-soundtracks/album/super-meat-boy-2015-ps-vita-gamerip,2026-10-05,Track title is taken from KHInsider's soundtrack/gamerip album index. Popularity is an explicitly labelled proxy based on BeatHit game rank and track prominence.,"{""culture_category"":""video_game_music"",""video_game"":""Super Meat Boy"",""game_rank"":1413,""game_association_kind"":""khinsider_game_soundtrack"",""khinsider_album_url"":""https://downloads.khinsider.com/game-soundtracks/album/super-meat-boy-2015-ps-vita-gamerip"",""khinsider_album_title"":""Super Meat Boy (super-meat-boy-2015-ps-vita-gamerip)"",""khinsider_album_kind"":""official_or_gamerip"",""khinsider_album_match_score"":100.0,""relevance_score_100"":100.0,""popularity_score_100"":34.79251216765023,""score_100"":73.91700486706009,""popularity_basis"":""BeatHit master-list game rank plus track position proxy""}"
205,Track 49,Unknown credited artist,[],Super Meat Boy Forever (super-meat-boy-forever-gamerip-2020),,,"[""video game soundtrack""]","[""und""]",,,,Super Meat Boy,,,khinsider_track_prominence_proxy,34.79251216765023,score_0_100,,,,73.91700486706009,,,,https://downloads.khinsider.com/game-soundtracks/album/super-meat-boy-forever-gamerip-2020,2026-10-05,Track title is taken from KHInsider's soundtrack/gamerip album index. Popularity is an explicitly labelled proxy based on BeatHit game rank and track prominence.,"{""culture_category"":""video_game_music"",""video_game"":""Super Meat Boy"",""game_rank"":1413,""game_association_kind"":""khinsider_game_soundtrack"",""khinsider_album_url"":""https://downloads.khinsider.com/game-soundtracks/album/super-meat-boy-forever-gamerip-2020"",""khinsider_album_title"":""Super Meat Boy Forever (super-meat-boy-forever-gamerip-2020)"",""khinsider_album_kind"":""official_or_gamerip"",""khinsider_album_match_score"":100.0,""relevance_score_100"":100.0,""popularity_score_100"":34.79251216765023,""score_100"":73.91700486706009,""popularity_basis"":""BeatHit master-list game rank plus track position proxy""}"
206,Chapter 3 Menus,Unknown credited artist,[],Super Meat Boy! Digital Special Edition Soundtrack (super-meat-boy-digital-special-edition-soundtrack),,,"[""video game soundtrack""]","[""und""]",,,,Super Meat Boy,,,khinsider_track_prominence_proxy,34.79251216765023,score_0_100,,,,73.91700486706009,,,,https://downloads.khinsider.com/game-soundtracks/album/super-meat-boy-digital-special-edition-soundtrack,2026-10-05,Track title is taken from KHInsider's soundtrack/gamerip album index. Popularity is an explicitly labelled proxy based on BeatHit game rank and track prominence.,"{""culture_category"":""video_game_music"",""video_game"":""Super Meat Boy"",""game_rank"":1413,""game_association_kind"":""khinsider_game_soundtrack"",""khinsider_album_url"":""https://downloads.khinsider.com/game-soundtracks/album/super-meat-boy-digital-special-edition-soundtrack"",""khinsider_album_title"":""Super Meat Boy! Digital Special Edition Soundtrack (super-meat-boy-digital-special-edition-soundtrack)"",""khinsider_album_kind"":""official_or_gamerip"",""khinsider_album_match_score"":100.0,""relevance_score_100"":100.0,""popularity_score_100"":34.79251216765023,""score_100"":73.91700486706009,""popularity_basis"":""BeatHit master-list game rank plus track position proxy""}"
207,dB soundworks - It Ends RETRO (Ch 5 Warp Zone),Unknown credited artist,[],Super Meat Boy BSO (super-meat-boy-bso),,,"[""video game soundtrack""]","[""und""]",,,,Super Meat Boy,,,khinsider_track_prominence_proxy,39.20251216765023,score_0_100,,,,73.88100486706008,,,,https://downloads.khinsider.com/game-soundtracks/album/super-meat-boy-bso,2026-10-05,Track title is taken from KHInsider's soundtrack/gamerip album index. Popularity is an explicitly labelled proxy based on BeatHit game rank and track prominence.,"{""culture_category"":""video_game_music"",""video_game"":""Super Meat Boy"",""game_rank"":1413,""game_association_kind"":""khinsider_game_soundtrack"",""khinsider_album_url"":""https://downloads.khinsider.com/game-soundtracks/album/super-meat-boy-bso"",""khinsider_album_title"":""Super Meat Boy BSO (super-meat-boy-bso)"",""khinsider_album_kind"":""unclassified_game_album"",""khinsider_album_match_score"":100.0,""relevance_score_100"":97.0,""popularity_score_100"":39.20251216765023,""score_100"":73.88100486706008,""popularity_basis"":""BeatHit master-list game rank plus track position proxy""}"
208,Hot Damned (Piano),Unknown credited artist,[],Super Meat Boy! - Choice Piano Cuts (super-meat-boy-choice-piano-cuts-2011),,,"[""video game soundtrack""]","[""und""]",,,,Super Meat Boy,,,khinsider_track_prominence_proxy,43.61251216765022,score_0_100,,,,73.84500486706008,,,,https://downloads.khinsider.com/game-soundtracks/album/super-meat-boy-choice-piano-cuts-2011,2026-10-05,Track title is taken from KHInsider's soundtrack/gamerip album index. Popularity is an explicitly labelled proxy based on BeatHit game rank and track prominence.,"{""culture_category"":""video_game_music"",""video_game"":""Super Meat Boy"",""game_rank"":1413,""game_association_kind"":""khinsider_game_soundtrack"",""khinsider_album_url"":""https://downloads.khinsider.com/game-soundtracks/album/super-meat-boy-choice-piano-cuts-2011"",""khinsider_album_title"":""Super Meat Boy! - Choice Piano Cuts (super-meat-boy-choice-piano-cuts-2011)"",""khinsider_album_kind"":""arrangement"",""khinsider_album_match_score"":100.0,""relevance_score_100"":94.0,""popularity_score_100"":43.61251216765022,""score_100"":73.84500486706008,""popularity_basis"":""BeatHit master-list game rank plus track position proxy""}"
209,Internets Menu,Unknown credited artist,[],Super Meat Boy (super-meat-boy-2015-ps-vita-gamerip),,,"[""video game soundtrack""]","[""und""]",,,,Super Meat Boy,,,khinsider_track_prominence_proxy,34.58251216765022,score_0_100,,,,73.83300486706008,,,,https://downloads.khinsider.com/game-soundtracks/album/super-meat-boy-2015-ps-vita-gamerip,2026-10-05,Track title is taken from KHInsider's soundtrack/gamerip album index. Popularity is an explicitly labelled proxy based on BeatHit game rank and track prominence.,"{""culture_category"":""video_game_music"",""video_game"":""Super Meat Boy"",""game_rank"":1413,""game_association_kind"":""khinsider_game_soundtrack"",""khinsider_album_url"":""https://downloads.khinsider.com/game-soundtracks/album/super-meat-boy-2015-ps-vita-gamerip"",""khinsider_album_title"":""Super Meat Boy (super-meat-boy-2015-ps-vita-gamerip)"",""khinsider_album_kind"":""official_or_gamerip"",""khinsider_album_match_score"":100.0,""relevance_score_100"":100.0,""popularity_score_100"":34.58251216765022,""score_100"":73.83300486706008,""popularity_basis"":""BeatHit master-list game rank plus track position proxy""}"
210,Track 50,Unknown credited artist,[],Super Meat Boy Forever (super-meat-boy-forever-gamerip-2020),,,"[""video game soundtrack""]","[""und""]",,,,Super Meat Boy,,,khinsider_track_prominence_proxy,34.58251216765022,score_0_100,,,,73.83300486706008,,,,https://downloads.khinsider.com/game-soundtracks/album/super-meat-boy-forever-gamerip-2020,2026-10-05,Track title is taken from KHInsider's soundtrack/gamerip album index. Popularity is an explicitly labelled proxy based on BeatHit game rank and track prominence.,"{""culture_category"":""video_game_music"",""video_game"":""Super Meat Boy"",""game_rank"":1413,""game_association_kind"":""khinsider_game_soundtrack"",""khinsider_album_url"":""https://downloads.khinsider.com/game-soundtracks/album/super-meat-boy-forever-gamerip-2020"",""khinsider_album_title"":""Super Meat Boy Forever (super-meat-boy-forever-gamerip-2020)"",""khinsider_album_kind"":""official_or_gamerip"",""khinsider_album_match_score"":100.0,""relevance_score_100"":100.0,""popularity_score_100"":34.58251216765022,""score_100"":73.83300486706008,""popularity_basis"":""BeatHit master-list game rank plus track position proxy""}"
211,Meat Boy (Flash) - Salt Factory,Unknown credited artist,[],Super Meat Boy! Digital Special Edition Soundtrack (super-meat-boy-digital-special-edition-soundtrack),,,"[""video game soundtrack""]","[""und""]",,,,Super Meat Boy,,,khinsider_track_prominence_proxy,34.58251216765022,score_0_100,,,,73.83300486706008,,,,https://downloads.khinsider.com/game-soundtracks/album/super-meat-boy-digital-special-edition-soundtrack,2026-10-05,Track title is taken from KHInsider's soundtrack/gamerip album index. Popularity is an explicitly labelled proxy based on BeatHit game rank and track prominence.,"{""culture_category"":""video_game_music"",""video_game"":""Super Meat Boy"",""game_rank"":1413,""game_association_kind"":""khinsider_game_soundtrack"",""khinsider_album_url"":""https://downloads.khinsider.com/game-soundtracks/album/super-meat-boy-digital-special-edition-soundtrack"",""khinsider_album_title"":""Super Meat Boy! Digital Special Edition Soundtrack (super-meat-boy-digital-special-edition-soundtrack)"",""khinsider_album_kind"":""official_or_gamerip"",""khinsider_album_match_score"":100.0,""relevance_score_100"":100.0,""popularity_score_100"":34.58251216765022,""score_100"":73.83300486706008,""popularity_basis"":""BeatHit master-list game rank plus track position proxy""}"
212,Mattias Häggström Gerdt - MATTIAS' MANMEAT MIX (REMIX),Unknown credited artist,[],Super Meat Boy BSO (super-meat-boy-bso),,,"[""video game soundtrack""]","[""und""]",,,,Super Meat Boy,,,khinsider_track_prominence_proxy,38.992512167650226,score_0_100,,,,73.79700486706008,,,,https://downloads.khinsider.com/game-soundtracks/album/super-meat-boy-bso,2026-10-05,Track title is taken from KHInsider's soundtrack/gamerip album index. Popularity is an explicitly labelled proxy based on BeatHit game rank and track prominence.,"{""culture_category"":""video_game_music"",""video_game"":""Super Meat Boy"",""game_rank"":1413,""game_association_kind"":""khinsider_game_soundtrack"",""khinsider_album_url"":""https://downloads.khinsider.com/game-soundtracks/album/super-meat-boy-bso"",""khinsider_album_title"":""Super Meat Boy BSO (super-meat-boy-bso)"",""khinsider_album_kind"":""unclassified_game_album"",""khinsider_album_match_score"":100.0,""relevance_score_100"":97.0,""popularity_score_100"":38.992512167650226,""score_100"":73.79700486706008,""popularity_basis"":""BeatHit master-list game rank plus track position proxy""}"
213,McLarty Party People (Piano),Unknown credited artist,[],Super Meat Boy! - Choice Piano Cuts (super-meat-boy-choice-piano-cuts-2011),,,"[""video game soundtrack""]","[""und""]",,,,Super Meat Boy,,,khinsider_track_prominence_proxy,43.40251216765022,score_0_100,,,,73.76100486706008,,,,https://downloads.khinsider.com/game-soundtracks/album/super-meat-boy-choice-piano-cuts-2011,2026-10-05,Track title is taken from KHInsider's soundtrack/gamerip album index. Popularity is an explicitly labelled proxy based on BeatHit game rank and track prominence.,"{""culture_category"":""video_game_music"",""video_game"":""Super Meat Boy"",""game_rank"":1413,""game_association_kind"":""khinsider_game_soundtrack"",""khinsider_album_url"":""https://downloads.khinsider.com/game-soundtracks/album/super-meat-boy-choice-piano-cuts-2011"",""khinsider_album_title"":""Super Meat Boy! - Choice Piano Cuts (super-meat-boy-choice-piano-cuts-2011)"",""khinsider_album_kind"":""arrangement"",""khinsider_album_match_score"":100.0,""relevance_score_100"":94.0,""popularity_score_100"":43.40251216765022,""score_100"":73.76100486706008,""popularity_basis"":""BeatHit master-list game rank plus track position proxy""}"
214,Intro Audio,Unknown credited artist,[],Super Meat Boy (super-meat-boy-2015-ps-vita-gamerip),,,"[""video game soundtrack""]","[""und""]",,,,Super Meat Boy,,,khinsider_track_prominence_proxy,34.37251216765023,score_0_100,,,,73.7490048670601,,,,https://downloads.khinsider.com/game-soundtracks/album/super-meat-boy-2015-ps-vita-gamerip,2026-10-05,Track title is taken from KHInsider's soundtrack/gamerip album index. Popularity is an explicitly labelled proxy based on BeatHit game rank and track prominence.,"{""culture_category"":""video_game_music"",""video_game"":""Super Meat Boy"",""game_rank"":1413,""game_association_kind"":""khinsider_game_soundtrack"",""khinsider_album_url"":""https://downloads.khinsider.com/game-soundtracks/album/super-meat-boy-2015-ps-vita-gamerip"",""khinsider_album_title"":""Super Meat Boy (super-meat-boy-2015-ps-vita-gamerip)"",""khinsider_album_kind"":""official_or_gamerip"",""khinsider_album_match_score"":100.0,""relevance_score_100"":100.0,""popularity_score_100"":34.37251216765023,""score_100"":73.7490048670601,""popularity_basis"":""BeatHit master-list game rank plus track position proxy""}"
215,retrohell music,Unknown credited artist,[],Super Meat Boy (super-meat-boy-gamerip),,,"[""video game soundtrack""]","[""und""]",,,,Super Meat Boy,,,khinsider_track_prominence_proxy,34.37251216765023,score_0_100,,,,73.7490048670601,,,,https://downloads.khinsider.com/game-soundtracks/album/super-meat-boy-gamerip,2026-10-05,Track title is taken from KHInsider's soundtrack/gamerip album index. Popularity is an explicitly labelled proxy based on BeatHit game rank and track prominence.,"{""culture_category"":""video_game_music"",""video_game"":""Super Meat Boy"",""game_rank"":1413,""game_association_kind"":""khinsider_game_soundtrack"",""khinsider_album_url"":""https://downloads.khinsider.com/game-soundtracks/album/super-meat-boy-gamerip"",""khinsider_album_title"":""Super Meat Boy (super-meat-boy-gamerip)"",""khinsider_album_kind"":""official_or_gamerip"",""khinsider_album_match_score"":100.0,""relevance_score_100"":100.0,""popularity_score_100"":34.37251216765023,""score_100"":73.7490048670601,""popularity_basis"":""BeatHit master-list game rank plus track position proxy""}"
216,Track 51,Unknown credited artist,[],Super Meat Boy Forever (super-meat-boy-forever-gamerip-2020),,,"[""video game soundtrack""]","[""und""]",,,,Super Meat Boy,,,khinsider_track_prominence_proxy,34.37251216765023,score_0_100,,,,73.7490048670601,,,,https://downloads.khinsider.com/game-soundtracks/album/super-meat-boy-forever-gamerip-2020,2026-10-05,Track title is taken from KHInsider's soundtrack/gamerip album index. Popularity is an explicitly labelled proxy based on BeatHit game rank and track prominence.,"{""culture_category"":""video_game_music"",""video_game"":""Super Meat Boy"",""game_rank"":1413,""game_association_kind"":""khinsider_game_soundtrack"",""khinsider_album_url"":""https://downloads.khinsider.com/game-soundtracks/album/super-meat-boy-forever-gamerip-2020"",""khinsider_album_title"":""Super Meat Boy Forever (super-meat-boy-forever-gamerip-2020)"",""khinsider_album_kind"":""official_or_gamerip"",""khinsider_album_match_score"":100.0,""relevance_score_100"":100.0,""popularity_score_100"":34.37251216765023,""score_100"":73.7490048670601,""popularity_basis"":""BeatHit master-list game rank plus track position proxy""}"
217,Chapter 3 Cutscene Score,Unknown credited artist,[],Super Meat Boy! Digital Special Edition Soundtrack (super-meat-boy-digital-special-edition-soundtrack),,,"[""video game soundtrack""]","[""und""]",,,,Super Meat Boy,,,khinsider_track_prominence_proxy,34.37251216765023,score_0_100,,,,73.7490048670601,,,,https://downloads.khinsider.com/game-soundtracks/album/super-meat-boy-digital-special-edition-soundtrack,2026-10-05,Track title is taken from KHInsider's soundtrack/gamerip album index. Popularity is an explicitly labelled proxy based on BeatHit game rank and track prominence.,"{""culture_category"":""video_game_music"",""video_game"":""Super Meat Boy"",""game_rank"":1413,""game_association_kind"":""khinsider_game_soundtrack"",""khinsider_album_url"":""https://downloads.khinsider.com/game-soundtracks/album/super-meat-boy-digital-special-edition-soundtrack"",""khinsider_album_title"":""Super Meat Boy! Digital Special Edition Soundtrack (super-meat-boy-digital-special-edition-soundtrack)"",""khinsider_album_kind"":""official_or_gamerip"",""khinsider_album_match_score"":100.0,""relevance_score_100"":100.0,""popularity_score_100"":34.37251216765023,""score_100"":73.7490048670601,""popularity_basis"":""BeatHit master-list game rank plus track position proxy""}"
218,George Android-Music Dziov - Metal Meat (REMIX),Unknown credited artist,[],Super Meat Boy BSO (super-meat-boy-bso),,,"[""video game soundtrack""]","[""und""]",,,,Super Meat Boy,,,khinsider_track_prominence_proxy,38.782512167650225,score_0_100,,,,73.71300486706008,,,,https://downloads.khinsider.com/game-soundtracks/album/super-meat-boy-bso,2026-10-05,Track title is taken from KHInsider's soundtrack/gamerip album index. Popularity is an explicitly labelled proxy based on BeatHit game rank and track prominence.,"{""culture_category"":""video_game_music"",""video_game"":""Super Meat Boy"",""game_rank"":1413,""game_association_kind"":""khinsider_game_soundtrack"",""khinsider_album_url"":""https://downloads.khinsider.com/game-soundtracks/album/super-meat-boy-bso"",""khinsider_album_title"":""Super Meat Boy BSO (super-meat-boy-bso)"",""khinsider_album_kind"":""unclassified_game_album"",""khinsider_album_match_score"":100.0,""relevance_score_100"":97.0,""popularity_score_100"":38.782512167650225,""score_100"":73.71300486706008,""popularity_basis"":""BeatHit master-list game rank plus track position proxy""}"
219,It Ends 2 - End Harder (Piano),Unknown credited artist,[],Super Meat Boy! - Choice Piano Cuts (super-meat-boy-choice-piano-cuts-2011),,,"[""video game soundtrack""]","[""und""]",,,,Super Meat Boy,,,khinsider_track_prominence_proxy,43.19251216765022,score_0_100,,,,73.67700486706009,,,,https://downloads.khinsider.com/game-soundtracks/album/super-meat-boy-choice-piano-cuts-2011,2026-10-05,Track title is taken from KHInsider's soundtrack/gamerip album index. Popularity is an explicitly labelled proxy based on BeatHit game rank and track prominence.,"{""culture_category"":""video_game_music"",""video_game"":""Super Meat Boy"",""game_rank"":1413,""game_association_kind"":""khinsider_game_soundtrack"",""khinsider_album_url"":""https://downloads.khinsider.com/game-soundtracks/album/super-meat-boy-choice-piano-cuts-2011"",""khinsider_album_title"":""Super Meat Boy! - Choice Piano Cuts (super-meat-boy-choice-piano-cuts-2011)"",""khinsider_album_kind"":""arrangement"",""khinsider_album_match_score"":100.0,""relevance_score_100"":94.0,""popularity_score_100"":43.19251216765022,""score_100"":73.67700486706009,""popularity_basis"":""BeatHit master-list game rank plus track position proxy""}"
220,Intro Music,Unknown credited artist,[],Super Meat Boy (super-meat-boy-2015-ps-vita-gamerip),,,"[""video game soundtrack""]","[""und""]",,,,Super Meat Boy,,,khinsider_track_prominence_proxy,34.16251216765023,score_0_100,,,,73.66500486706009,,,,https://downloads.khinsider.com/game-soundtracks/album/super-meat-boy-2015-ps-vita-gamerip,2026-10-05,Track title is taken from KHInsider's soundtrack/gamerip album index. Popularity is an explicitly labelled proxy based on BeatHit game rank and track prominence.,"{""culture_category"":""video_game_music"",""video_game"":""Super Meat Boy"",""game_rank"":1413,""game_association_kind"":""khinsider_game_soundtrack"",""khinsider_album_url"":""https://downloads.khinsider.com/game-soundtracks/album/super-meat-boy-2015-ps-vita-gamerip"",""khinsider_album_title"":""Super Meat Boy (super-meat-boy-2015-ps-vita-gamerip)"",""khinsider_album_kind"":""official_or_gamerip"",""khinsider_album_match_score"":100.0,""relevance_score_100"":100.0,""popularity_score_100"":34.16251216765023,""score_100"":73.66500486706009,""popularity_basis"":""BeatHit master-list game rank plus track position proxy""}"
221,sfspooftitle music,Unknown credited artist,[],Super Meat Boy (super-meat-boy-gamerip),,,"[""video game soundtrack""]","[""und""]",,,,Super Meat Boy,,,khinsider_track_prominence_proxy,34.16251216765023,score_0_100,,,,73.66500486706009,,,,https://downloads.khinsider.com/game-soundtracks/album/super-meat-boy-gamerip,2026-10-05,Track title is taken from KHInsider's soundtrack/gamerip album index. Popularity is an explicitly labelled proxy based on BeatHit game rank and track prominence.,"{""culture_category"":""video_game_music"",""video_game"":""Super Meat Boy"",""game_rank"":1413,""game_association_kind"":""khinsider_game_soundtrack"",""khinsider_album_url"":""https://downloads.khinsider.com/game-soundtracks/album/super-meat-boy-gamerip"",""khinsider_album_title"":""Super Meat Boy (super-meat-boy-gamerip)"",""khinsider_album_kind"":""official_or_gamerip"",""khinsider_album_match_score"":100.0,""relevance_score_100"":100.0,""popularity_score_100"":34.16251216765023,""score_100"":73.66500486706009,""popularity_basis"":""BeatHit master-list game rank plus track position proxy""}"
222,Track 52,Unknown credited artist,[],Super Meat Boy Forever (super-meat-boy-forever-gamerip-2020),,,"[""video game soundtrack""]","[""und""]",,,,Super Meat Boy,,,khinsider_track_prominence_proxy,34.16251216765023,score_0_100,,,,73.66500486706009,,,,https://downloads.khinsider.com/game-soundtracks/album/super-meat-boy-forever-gamerip-2020,2026-10-05,Track title is taken from KHInsider's soundtrack/gamerip album index. Popularity is an explicitly labelled proxy based on BeatHit game rank and track prominence.,"{""culture_category"":""video_game_music"",""video_game"":""Super Meat Boy"",""game_rank"":1413,""game_association_kind"":""khinsider_game_soundtrack"",""khinsider_album_url"":""https://downloads.khinsider.com/game-soundtracks/album/super-meat-boy-forever-gamerip-2020"",""khinsider_album_title"":""Super Meat Boy Forever (super-meat-boy-forever-gamerip-2020)"",""khinsider_album_kind"":""official_or_gamerip"",""khinsider_album_match_score"":100.0,""relevance_score_100"":100.0,""popularity_score_100"":34.16251216765023,""score_100"":73.66500486706009,""popularity_basis"":""BeatHit master-list game rank plus track position proxy""}"
223,Chapter 4 Menus,Unknown credited artist,[],Super Meat Boy! Digital Special Edition Soundtrack (super-meat-boy-digital-special-edition-soundtrack),,,"[""video game soundtrack""]","[""und""]",,,,Super Meat Boy,,,khinsider_track_prominence_proxy,34.16251216765023,score_0_100,,,,73.66500486706009,,,,https://downloads.khinsider.com/game-soundtracks/album/super-meat-boy-digital-special-edition-soundtrack,2026-10-05,Track title is taken from KHInsider's soundtrack/gamerip album index. Popularity is an explicitly labelled proxy based on BeatHit game rank and track prominence.,"{""culture_category"":""video_game_music"",""video_game"":""Super Meat Boy"",""game_rank"":1413,""game_association_kind"":""khinsider_game_soundtrack"",""khinsider_album_url"":""https://downloads.khinsider.com/game-soundtracks/album/super-meat-boy-digital-special-edition-soundtrack"",""khinsider_album_title"":""Super Meat Boy! Digital Special Edition Soundtrack (super-meat-boy-digital-special-edition-soundtrack)"",""khinsider_album_kind"":""official_or_gamerip"",""khinsider_album_match_score"":100.0,""relevance_score_100"":100.0,""popularity_score_100"":34.16251216765023,""score_100"":73.66500486706009,""popularity_basis"":""BeatHit master-list game rank plus track position proxy""}"
224,Inverse Phase - Boss Burger N' Chips (REMIX),Unknown credited artist,[],Super Meat Boy BSO (super-meat-boy-bso),,,"[""video game soundtrack""]","[""und""]",,,,Super Meat Boy,,,khinsider_track_prominence_proxy,38.572512167650224,score_0_100,,,,73.62900486706009,,,,https://downloads.khinsider.com/game-soundtracks/album/super-meat-boy-bso,2026-10-05,Track title is taken from KHInsider's soundtrack/gamerip album index. Popularity is an explicitly labelled proxy based on BeatHit game rank and track prominence.,"{""culture_category"":""video_game_music"",""video_game"":""Super Meat Boy"",""game_rank"":1413,""game_association_kind"":""khinsider_game_soundtrack"",""khinsider_album_url"":""https://downloads.khinsider.com/game-soundtracks/album/super-meat-boy-bso"",""khinsider_album_title"":""Super Meat Boy BSO (super-meat-boy-bso)"",""khinsider_album_kind"":""unclassified_game_album"",""khinsider_album_match_score"":100.0,""relevance_score_100"":97.0,""popularity_score_100"":38.572512167650224,""score_100"":73.62900486706009,""popularity_basis"":""BeatHit master-list game rank plus track position proxy""}"
225,The Salt Factory (Piano),Unknown credited artist,[],Super Meat Boy! - Choice Piano Cuts (super-meat-boy-choice-piano-cuts-2011),,,"[""video game soundtrack""]","[""und""]",,,,Super Meat Boy,,,khinsider_track_prominence_proxy,42.98251216765023,score_0_100,,,,73.59300486706009,,,,https://downloads.khinsider.com/game-soundtracks/album/super-meat-boy-choice-piano-cuts-2011,2026-10-05,Track title is taken from KHInsider's soundtrack/gamerip album index. Popularity is an explicitly labelled proxy based on BeatHit game rank and track prominence.,"{""culture_category"":""video_game_music"",""video_game"":""Super Meat Boy"",""game_rank"":1413,""game_association_kind"":""khinsider_game_soundtrack"",""khinsider_album_url"":""https://downloads.khinsider.com/game-soundtracks/album/super-meat-boy-choice-piano-cuts-2011"",""khinsider_album_title"":""Super Meat Boy! - Choice Piano Cuts (super-meat-boy-choice-piano-cuts-2011)"",""khinsider_album_kind"":""arrangement"",""khinsider_album_match_score"":100.0,""relevance_score_100"":94.0,""popularity_score_100"":42.98251216765023,""score_100"":73.59300486706009,""popularity_basis"":""BeatHit master-list game rank plus track position proxy""}"
226,Meat Boy Sad Music,Unknown credited artist,[],Super Meat Boy (super-meat-boy-2015-ps-vita-gamerip),,,"[""video game soundtrack""]","[""und""]",,,,Super Meat Boy,,,khinsider_track_prominence_proxy,33.95251216765023,score_0_100,,,,73.58100486706009,,,,https://downloads.khinsider.com/game-soundtracks/album/super-meat-boy-2015-ps-vita-gamerip,2026-10-05,Track title is taken from KHInsider's soundtrack/gamerip album index. Popularity is an explicitly labelled proxy based on BeatHit game rank and track prominence.,"{""culture_category"":""video_game_music"",""video_game"":""Super Meat Boy"",""game_rank"":1413,""game_association_kind"":""khinsider_game_soundtrack"",""khinsider_album_url"":""https://downloads.khinsider.com/game-soundtracks/album/super-meat-boy-2015-ps-vita-gamerip"",""khinsider_album_title"":""Super Meat Boy (super-meat-boy-2015-ps-vita-gamerip)"",""khinsider_album_kind"":""official_or_gamerip"",""khinsider_album_match_score"":100.0,""relevance_score_100"":100.0,""popularity_score_100"":33.95251216765023,""score_100"":73.58100486706009,""popularity_basis"":""BeatHit master-list game rank plus track position proxy""}"
227,Track 53,Unknown credited artist,[],Super Meat Boy Forever (super-meat-boy-forever-gamerip-2020),,,"[""video game soundtrack""]","[""und""]",,,,Super Meat Boy,,,khinsider_track_prominence_proxy,33.95251216765023,score_0_100,,,,73.58100486706009,,,,https://downloads.khinsider.com/game-soundtracks/album/super-meat-boy-forever-gamerip-2020,2026-10-05,Track title is taken from KHInsider's soundtrack/gamerip album index. Popularity is an explicitly labelled proxy based on BeatHit game rank and track prominence.,"{""culture_category"":""video_game_music"",""video_game"":""Super Meat Boy"",""game_rank"":1413,""game_association_kind"":""khinsider_game_soundtrack"",""khinsider_album_url"":""https://downloads.khinsider.com/game-soundtracks/album/super-meat-boy-forever-gamerip-2020"",""khinsider_album_title"":""Super Meat Boy Forever (super-meat-boy-forever-gamerip-2020)"",""khinsider_album_kind"":""official_or_gamerip"",""khinsider_album_match_score"":100.0,""relevance_score_100"":100.0,""popularity_score_100"":33.95251216765023,""score_100"":73.58100486706009,""popularity_basis"":""BeatHit master-list game rank plus track position proxy""}"
228,Chapter 4 Cutscene Score,Unknown credited artist,[],Super Meat Boy! Digital Special Edition Soundtrack (super-meat-boy-digital-special-edition-soundtrack),,,"[""video game soundtrack""]","[""und""]",,,,Super Meat Boy,,,khinsider_track_prominence_proxy,33.95251216765023,score_0_100,,,,73.58100486706009,,,,https://downloads.khinsider.com/game-soundtracks/album/super-meat-boy-digital-special-edition-soundtrack,2026-10-05,Track title is taken from KHInsider's soundtrack/gamerip album index. Popularity is an explicitly labelled proxy based on BeatHit game rank and track prominence.,"{""culture_category"":""video_game_music"",""video_game"":""Super Meat Boy"",""game_rank"":1413,""game_association_kind"":""khinsider_game_soundtrack"",""khinsider_album_url"":""https://downloads.khinsider.com/game-soundtracks/album/super-meat-boy-digital-special-edition-soundtrack"",""khinsider_album_title"":""Super Meat Boy! Digital Special Edition Soundtrack (super-meat-boy-digital-special-edition-soundtrack)"",""khinsider_album_kind"":""official_or_gamerip"",""khinsider_album_match_score"":100.0,""relevance_score_100"":100.0,""popularity_score_100"":33.95251216765023,""score_100"":73.58100486706009,""popularity_basis"":""BeatHit master-list game rank plus track position proxy""}"
229,C418 - Meatcraft (REMIX),Unknown credited artist,[],Super Meat Boy BSO (super-meat-boy-bso),,,"[""video game soundtrack""]","[""und""]",,,,Super Meat Boy,,,khinsider_track_prominence_proxy,38.36251216765022,score_0_100,,,,73.54500486706009,,,,https://downloads.khinsider.com/game-soundtracks/album/super-meat-boy-bso,2026-10-05,Track title is taken from KHInsider's soundtrack/gamerip album index. Popularity is an explicitly labelled proxy based on BeatHit game rank and track prominence.,"{""culture_category"":""video_game_music"",""video_game"":""Super Meat Boy"",""game_rank"":1413,""game_association_kind"":""khinsider_game_soundtrack"",""khinsider_album_url"":""https://downloads.khinsider.com/game-soundtracks/album/super-meat-boy-bso"",""khinsider_album_title"":""Super Meat Boy BSO (super-meat-boy-bso)"",""khinsider_album_kind"":""unclassified_game_album"",""khinsider_album_match_score"":100.0,""relevance_score_100"":97.0,""popularity_score_100"":38.36251216765022,""score_100"":73.54500486706009,""popularity_basis"":""BeatHit master-list game rank plus track position proxy""}"
230,Menu Hard Hell,Unknown credited artist,[],Super Meat Boy (super-meat-boy-2015-ps-vita-gamerip),,,"[""video game soundtrack""]","[""und""]",,,,Super Meat Boy,,,khinsider_track_prominence_proxy,33.742512167650226,score_0_100,,,,73.4970048670601,,,,https://downloads.khinsider.com/game-soundtracks/album/super-meat-boy-2015-ps-vita-gamerip,2026-10-05,Track title is taken from KHInsider's soundtrack/gamerip album index. Popularity is an explicitly labelled proxy based on BeatHit game rank and track prominence.,"{""culture_category"":""video_game_music"",""video_game"":""Super Meat Boy"",""game_rank"":1413,""game_association_kind"":""khinsider_game_soundtrack"",""khinsider_album_url"":""https://downloads.khinsider.com/game-soundtracks/album/super-meat-boy-2015-ps-vita-gamerip"",""khinsider_album_title"":""Super Meat Boy (super-meat-boy-2015-ps-vita-gamerip)"",""khinsider_album_kind"":""official_or_gamerip"",""khinsider_album_match_score"":100.0,""relevance_score_100"":100.0,""popularity_score_100"":33.742512167650226,""score_100"":73.4970048670601,""popularity_basis"":""BeatHit master-list game rank plus track position proxy""}"
231,Track 54,Unknown credited artist,[],Super Meat Boy Forever (super-meat-boy-forever-gamerip-2020),,,"[""video game soundtrack""]","[""und""]",,,,Super Meat Boy,,,khinsider_track_prominence_proxy,33.742512167650226,score_0_100,,,,73.4970048670601,,,,https://downloads.khinsider.com/game-soundtracks/album/super-meat-boy-forever-gamerip-2020,2026-10-05,Track title is taken from KHInsider's soundtrack/gamerip album index. Popularity is an explicitly labelled proxy based on BeatHit game rank and track prominence.,"{""culture_category"":""video_game_music"",""video_game"":""Super Meat Boy"",""game_rank"":1413,""game_association_kind"":""khinsider_game_soundtrack"",""khinsider_album_url"":""https://downloads.khinsider.com/game-soundtracks/album/super-meat-boy-forever-gamerip-2020"",""khinsider_album_title"":""Super Meat Boy Forever (super-meat-boy-forever-gamerip-2020)"",""khinsider_album_kind"":""official_or_gamerip"",""khinsider_album_match_score"":100.0,""relevance_score_100"":100.0,""popularity_score_100"":33.742512167650226,""score_100"":73.4970048670601,""popularity_basis"":""BeatHit master-list game rank plus track position proxy""}"
232,Chapter 5 Menus,Unknown credited artist,[],Super Meat Boy! Digital Special Edition Soundtrack (super-meat-boy-digital-special-edition-soundtrack),,,"[""video game soundtrack""]","[""und""]",,,,Super Meat Boy,,,khinsider_track_prominence_proxy,33.742512167650226,score_0_100,,,,73.4970048670601,,,,https://downloads.khinsider.com/game-soundtracks/album/super-meat-boy-digital-special-edition-soundtrack,2026-10-05,Track title is taken from KHInsider's soundtrack/gamerip album index. Popularity is an explicitly labelled proxy based on BeatHit game rank and track prominence.,"{""culture_category"":""video_game_music"",""video_game"":""Super Meat Boy"",""game_rank"":1413,""game_association_kind"":""khinsider_game_soundtrack"",""khinsider_album_url"":""https://downloads.khinsider.com/game-soundtracks/album/super-meat-boy-digital-special-edition-soundtrack"",""khinsider_album_title"":""Super Meat Boy! Digital Special Edition Soundtrack (super-meat-boy-digital-special-edition-soundtrack)"",""khinsider_album_kind"":""official_or_gamerip"",""khinsider_album_match_score"":100.0,""relevance_score_100"":100.0,""popularity_score_100"":33.742512167650226,""score_100"":73.4970048670601,""popularity_basis"":""BeatHit master-list game rank plus track position proxy""}"
233,Josh Whelchel feat. Melinda Hershey - Power of the Meat (feat. Melinda Hershey) (REMIX),Unknown credited artist,[],Super Meat Boy BSO (super-meat-boy-bso),,,"[""video game soundtrack""]","[""und""]",,,,Super Meat Boy,,,khinsider_track_prominence_proxy,38.15251216765022,score_0_100,,,,73.46100486706008,,,,https://downloads.khinsider.com/game-soundtracks/album/super-meat-boy-bso,2026-10-05,Track title is taken from KHInsider's soundtrack/gamerip album index. Popularity is an explicitly labelled proxy based on BeatHit game rank and track prominence.,"{""culture_category"":""video_game_music"",""video_game"":""Super Meat Boy"",""game_rank"":1413,""game_association_kind"":""khinsider_game_soundtrack"",""khinsider_album_url"":""https://downloads.khinsider.com/game-soundtracks/album/super-meat-boy-bso"",""khinsider_album_title"":""Super Meat Boy BSO (super-meat-boy-bso)"",""khinsider_album_kind"":""unclassified_game_album"",""khinsider_album_match_score"":100.0,""relevance_score_100"":97.0,""popularity_score_100"":38.15251216765022,""score_100"":73.46100486706008,""popularity_basis"":""BeatHit master-list game rank plus track position proxy""}"
234,Menu Normal Hell,Unknown credited artist,[],Super Meat Boy (super-meat-boy-2015-ps-vita-gamerip),,,"[""video game soundtrack""]","[""und""]",,,,Super Meat Boy,,,khinsider_track_prominence_proxy,33.532512167650225,score_0_100,,,,73.4130048670601,,,,https://downloads.khinsider.com/game-soundtracks/album/super-meat-boy-2015-ps-vita-gamerip,2026-10-05,Track title is taken from KHInsider's soundtrack/gamerip album index. Popularity is an explicitly labelled proxy based on BeatHit game rank and track prominence.,"{""culture_category"":""video_game_music"",""video_game"":""Super Meat Boy"",""game_rank"":1413,""game_association_kind"":""khinsider_game_soundtrack"",""khinsider_album_url"":""https://downloads.khinsider.com/game-soundtracks/album/super-meat-boy-2015-ps-vita-gamerip"",""khinsider_album_title"":""Super Meat Boy (super-meat-boy-2015-ps-vita-gamerip)"",""khinsider_album_kind"":""official_or_gamerip"",""khinsider_album_match_score"":100.0,""relevance_score_100"":100.0,""popularity_score_100"":33.532512167650225,""score_100"":73.4130048670601,""popularity_basis"":""BeatHit master-list game rank plus track position proxy""}"
235,Track 55,Unknown credited artist,[],Super Meat Boy Forever (super-meat-boy-forever-gamerip-2020),,,"[""video game soundtrack""]","[""und""]",,,,Super Meat Boy,,,khinsider_track_prominence_proxy,33.532512167650225,score_0_100,,,,73.4130048670601,,,,https://downloads.khinsider.com/game-soundtracks/album/super-meat-boy-forever-gamerip-2020,2026-10-05,Track title is taken from KHInsider's soundtrack/gamerip album index. Popularity is an explicitly labelled proxy based on BeatHit game rank and track prominence.,"{""culture_category"":""video_game_music"",""video_game"":""Super Meat Boy"",""game_rank"":1413,""game_association_kind"":""khinsider_game_soundtrack"",""khinsider_album_url"":""https://downloads.khinsider.com/game-soundtracks/album/super-meat-boy-forever-gamerip-2020"",""khinsider_album_title"":""Super Meat Boy Forever (super-meat-boy-forever-gamerip-2020)"",""khinsider_album_kind"":""official_or_gamerip"",""khinsider_album_match_score"":100.0,""relevance_score_100"":100.0,""popularity_score_100"":33.532512167650225,""score_100"":73.4130048670601,""popularity_basis"":""BeatHit master-list game rank plus track position proxy""}"
236,Meat Boy (Flash) - Hell,Unknown credited artist,[],Super Meat Boy! Digital Special Edition Soundtrack (super-meat-boy-digital-special-edition-soundtrack),,,"[""video game soundtrack""]","[""und""]",,,,Super Meat Boy,,,khinsider_track_prominence_proxy,33.532512167650225,score_0_100,,,,73.4130048670601,,,,https://downloads.khinsider.com/game-soundtracks/album/super-meat-boy-digital-special-edition-soundtrack,2026-10-05,Track title is taken from KHInsider's soundtrack/gamerip album index. Popularity is an explicitly labelled proxy based on BeatHit game rank and track prominence.,"{""culture_category"":""video_game_music"",""video_game"":""Super Meat Boy"",""game_rank"":1413,""game_association_kind"":""khinsider_game_soundtrack"",""khinsider_album_url"":""https://downloads.khinsider.com/game-soundtracks/album/super-meat-boy-digital-special-edition-soundtrack"",""khinsider_album_title"":""Super Meat Boy! Digital Special Edition Soundtrack (super-meat-boy-digital-special-edition-soundtrack)"",""khinsider_album_kind"":""official_or_gamerip"",""khinsider_album_match_score"":100.0,""relevance_score_100"":100.0,""popularity_score_100"":33.532512167650225,""score_100"":73.4130048670601,""popularity_basis"":""BeatHit master-list game rank plus track position proxy""}"
237,Retro Factory 32khz,Unknown credited artist,[],Super Meat Boy (super-meat-boy-2015-ps-vita-gamerip),,,"[""video game soundtrack""]","[""und""]",,,,Super Meat Boy,,,khinsider_track_prominence_proxy,33.322512167650224,score_0_100,,,,73.32900486706009,,,,https://downloads.khinsider.com/game-soundtracks/album/super-meat-boy-2015-ps-vita-gamerip,2026-10-05,Track title is taken from KHInsider's soundtrack/gamerip album index. Popularity is an explicitly labelled proxy based on BeatHit game rank and track prominence.,"{""culture_category"":""video_game_music"",""video_game"":""Super Meat Boy"",""game_rank"":1413,""game_association_kind"":""khinsider_game_soundtrack"",""khinsider_album_url"":""https://downloads.khinsider.com/game-soundtracks/album/super-meat-boy-2015-ps-vita-gamerip"",""khinsider_album_title"":""Super Meat Boy (super-meat-boy-2015-ps-vita-gamerip)"",""khinsider_album_kind"":""official_or_gamerip"",""khinsider_album_match_score"":100.0,""relevance_score_100"":100.0,""popularity_score_100"":33.322512167650224,""score_100"":73.32900486706009,""popularity_basis"":""BeatHit master-list game rank plus track position proxy""}"
238,Track 56,Unknown credited artist,[],Super Meat Boy Forever (super-meat-boy-forever-gamerip-2020),,,"[""video game soundtrack""]","[""und""]",,,,Super Meat Boy,,,khinsider_track_prominence_proxy,33.322512167650224,score_0_100,,,,73.32900486706009,,,,https://downloads.khinsider.com/game-soundtracks/album/super-meat-boy-forever-gamerip-2020,2026-10-05,Track title is taken from KHInsider's soundtrack/gamerip album index. Popularity is an explicitly labelled proxy based on BeatHit game rank and track prominence.,"{""culture_category"":""video_game_music"",""video_game"":""Super Meat Boy"",""game_rank"":1413,""game_association_kind"":""khinsider_game_soundtrack"",""khinsider_album_url"":""https://downloads.khinsider.com/game-soundtracks/album/super-meat-boy-forever-gamerip-2020"",""khinsider_album_title"":""Super Meat Boy Forever (super-meat-boy-forever-gamerip-2020)"",""khinsider_album_kind"":""official_or_gamerip"",""khinsider_album_match_score"":100.0,""relevance_score_100"":100.0,""popularity_score_100"":33.322512167650224,""score_100"":73.32900486706009,""popularity_basis"":""BeatHit master-list game rank plus track position proxy""}"
239,It Ends with a Whimper,Unknown credited artist,[],Super Meat Boy! Digital Special Edition Soundtrack (super-meat-boy-digital-special-edition-soundtrack),,,"[""video game soundtrack""]","[""und""]",,,,Super Meat Boy,,,khinsider_track_prominence_proxy,33.322512167650224,score_0_100,,,,73.32900486706009,,,,https://downloads.khinsider.com/game-soundtracks/album/super-meat-boy-digital-special-edition-soundtrack,2026-10-05,Track title is taken from KHInsider's soundtrack/gamerip album index. Popularity is an explicitly labelled proxy based on BeatHit game rank and track prominence.,"{""culture_category"":""video_game_music"",""video_game"":""Super Meat Boy"",""game_rank"":1413,""game_association_kind"":""khinsider_game_soundtrack"",""khinsider_album_url"":""https://downloads.khinsider.com/game-soundtracks/album/super-meat-boy-digital-special-edition-soundtrack"",""khinsider_album_title"":""Super Meat Boy! Digital Special Edition Soundtrack (super-meat-boy-digital-special-edition-soundtrack)"",""khinsider_album_kind"":""official_or_gamerip"",""khinsider_album_match_score"":100.0,""relevance_score_100"":100.0,""popularity_score_100"":33.322512167650224,""score_100"":73.32900486706009,""popularity_basis"":""BeatHit master-list game rank plus track position proxy""}"
240,Retro Factory 32khz Music,Unknown credited artist,[],Super Meat Boy (super-meat-boy-2015-ps-vita-gamerip),,,"[""video game soundtrack""]","[""und""]",,,,Super Meat Boy,,,khinsider_track_prominence_proxy,33.11251216765022,score_0_100,,,,73.24500486706009,,,,https://downloads.khinsider.com/game-soundtracks/album/super-meat-boy-2015-ps-vita-gamerip,2026-10-05,Track title is taken from KHInsider's soundtrack/gamerip album index. Popularity is an explicitly labelled proxy based on BeatHit game rank and track prominence.,"{""culture_category"":""video_game_music"",""video_game"":""Super Meat Boy"",""game_rank"":1413,""game_association_kind"":""khinsider_game_soundtrack"",""khinsider_album_url"":""https://downloads.khinsider.com/game-soundtracks/album/super-meat-boy-2015-ps-vita-gamerip"",""khinsider_album_title"":""Super Meat Boy (super-meat-boy-2015-ps-vita-gamerip)"",""khinsider_album_kind"":""official_or_gamerip"",""khinsider_album_match_score"":100.0,""relevance_score_100"":100.0,""popularity_score_100"":33.11251216765022,""score_100"":73.24500486706009,""popularity_basis"":""BeatHit master-list game rank plus track position proxy""}"
241,Track 57,Unknown credited artist,[],Super Meat Boy Forever (super-meat-boy-forever-gamerip-2020),,,"[""video game soundtrack""]","[""und""]",,,,Super Meat Boy,,,khinsider_track_prominence_proxy,33.11251216765022,score_0_100,,,,73.24500486706009,,,,https://downloads.khinsider.com/game-soundtracks/album/super-meat-boy-forever-gamerip-2020,2026-10-05,Track title is taken from KHInsider's soundtrack/gamerip album index. Popularity is an explicitly labelled proxy based on BeatHit game rank and track prominence.,"{""culture_category"":""video_game_music"",""video_game"":""Super Meat Boy"",""game_rank"":1413,""game_association_kind"":""khinsider_game_soundtrack"",""khinsider_album_url"":""https://downloads.khinsider.com/game-soundtracks/album/super-meat-boy-forever-gamerip-2020"",""khinsider_album_title"":""Super Meat Boy Forever (super-meat-boy-forever-gamerip-2020)"",""khinsider_album_kind"":""official_or_gamerip"",""khinsider_album_match_score"":100.0,""relevance_score_100"":100.0,""popularity_score_100"":33.11251216765022,""score_100"":73.24500486706009,""popularity_basis"":""BeatHit master-list game rank plus track position proxy""}"
242,Retro Hell,Unknown credited artist,[],Super Meat Boy (super-meat-boy-2015-ps-vita-gamerip),,,"[""video game soundtrack""]","[""und""]",,,,Super Meat Boy,,,khinsider_track_prominence_proxy,32.90251216765023,score_0_100,,,,73.16100486706009,,,,https://downloads.khinsider.com/game-soundtracks/album/super-meat-boy-2015-ps-vita-gamerip,2026-10-05,Track title is taken from KHInsider's soundtrack/gamerip album index. Popularity is an explicitly labelled proxy based on BeatHit game rank and track prominence.,"{""culture_category"":""video_game_music"",""video_game"":""Super Meat Boy"",""game_rank"":1413,""game_association_kind"":""khinsider_game_soundtrack"",""khinsider_album_url"":""https://downloads.khinsider.com/game-soundtracks/album/super-meat-boy-2015-ps-vita-gamerip"",""khinsider_album_title"":""Super Meat Boy (super-meat-boy-2015-ps-vita-gamerip)"",""khinsider_album_kind"":""official_or_gamerip"",""khinsider_album_match_score"":100.0,""relevance_score_100"":100.0,""popularity_score_100"":32.90251216765023,""score_100"":73.16100486706009,""popularity_basis"":""BeatHit master-list game rank plus track position proxy""}"
243,4bittitle music,Unknown credited artist,[],Super Meat Boy (super-meat-boy-gamerip),,,"[""video game soundtrack""]","[""und""]",,,,Super Meat Boy,,,khinsider_track_prominence_proxy,32.90251216765023,score_0_100,,,,73.16100486706009,,,,https://downloads.khinsider.com/game-soundtracks/album/super-meat-boy-gamerip,2026-10-05,Track title is taken from KHInsider's soundtrack/gamerip album index. Popularity is an explicitly labelled proxy based on BeatHit game rank and track prominence.,"{""culture_category"":""video_game_music"",""video_game"":""Super Meat Boy"",""game_rank"":1413,""game_association_kind"":""khinsider_game_soundtrack"",""khinsider_album_url"":""https://downloads.khinsider.com/game-soundtracks/album/super-meat-boy-gamerip"",""khinsider_album_title"":""Super Meat Boy (super-meat-boy-gamerip)"",""khinsider_album_kind"":""official_or_gamerip"",""khinsider_album_match_score"":100.0,""relevance_score_100"":100.0,""popularity_score_100"":32.90251216765023,""score_100"":73.16100486706009,""popularity_basis"":""BeatHit master-list game rank plus track position proxy""}"
244,Track 58,Unknown credited artist,[],Super Meat Boy Forever (super-meat-boy-forever-gamerip-2020),,,"[""video game soundtrack""]","[""und""]",,,,Super Meat Boy,,,khinsider_track_prominence_proxy,32.90251216765023,score_0_100,,,,73.16100486706009,,,,https://downloads.khinsider.com/game-soundtracks/album/super-meat-boy-forever-gamerip-2020,2026-10-05,Track title is taken from KHInsider's soundtrack/gamerip album index. Popularity is an explicitly labelled proxy based on BeatHit game rank and track prominence.,"{""culture_category"":""video_game_music"",""video_game"":""Super Meat Boy"",""game_rank"":1413,""game_association_kind"":""khinsider_game_soundtrack"",""khinsider_album_url"":""https://downloads.khinsider.com/game-soundtracks/album/super-meat-boy-forever-gamerip-2020"",""khinsider_album_title"":""Super Meat Boy Forever (super-meat-boy-forever-gamerip-2020)"",""khinsider_album_kind"":""official_or_gamerip"",""khinsider_album_match_score"":100.0,""relevance_score_100"":100.0,""popularity_score_100"":32.90251216765023,""score_100"":73.16100486706009,""popularity_basis"":""BeatHit master-list game rank plus track position proxy""}"
245,Chapter 5 Cutscene Score,Unknown credited artist,[],Super Meat Boy! Digital Special Edition Soundtrack (super-meat-boy-digital-special-edition-soundtrack),,,"[""video game soundtrack""]","[""und""]",,,,Super Meat Boy,,,khinsider_track_prominence_proxy,32.90251216765023,score_0_100,,,,73.16100486706009,,,,https://downloads.khinsider.com/game-soundtracks/album/super-meat-boy-digital-special-edition-soundtrack,2026-10-05,Track title is taken from KHInsider's soundtrack/gamerip album index. Popularity is an explicitly labelled proxy based on BeatHit game rank and track prominence.,"{""culture_category"":""video_game_music"",""video_game"":""Super Meat Boy"",""game_rank"":1413,""game_association_kind"":""khinsider_game_soundtrack"",""khinsider_album_url"":""https://downloads.khinsider.com/game-soundtracks/album/super-meat-boy-digital-special-edition-soundtrack"",""khinsider_album_title"":""Super Meat Boy! Digital Special Edition Soundtrack (super-meat-boy-digital-special-edition-soundtrack)"",""khinsider_album_kind"":""official_or_gamerip"",""khinsider_album_match_score"":100.0,""relevance_score_100"":100.0,""popularity_score_100"":32.90251216765023,""score_100"":73.16100486706009,""popularity_basis"":""BeatHit master-list game rank plus track position proxy""}"
246,SMB Forest 5,Unknown credited artist,[],Super Meat Boy (super-meat-boy-2015-ps-vita-gamerip),,,"[""video game soundtrack""]","[""und""]",,,,Super Meat Boy,,,khinsider_track_prominence_proxy,32.69251216765022,score_0_100,,,,73.07700486706008,,,,https://downloads.khinsider.com/game-soundtracks/album/super-meat-boy-2015-ps-vita-gamerip,2026-10-05,Track title is taken from KHInsider's soundtrack/gamerip album index. Popularity is an explicitly labelled proxy based on BeatHit game rank and track prominence.,"{""culture_category"":""video_game_music"",""video_game"":""Super Meat Boy"",""game_rank"":1413,""game_association_kind"":""khinsider_game_soundtrack"",""khinsider_album_url"":""https://downloads.khinsider.com/game-soundtracks/album/super-meat-boy-2015-ps-vita-gamerip"",""khinsider_album_title"":""Super Meat Boy (super-meat-boy-2015-ps-vita-gamerip)"",""khinsider_album_kind"":""official_or_gamerip"",""khinsider_album_match_score"":100.0,""relevance_score_100"":100.0,""popularity_score_100"":32.69251216765022,""score_100"":73.07700486706008,""popularity_basis"":""BeatHit master-list game rank plus track position proxy""}"
247,Track 59,Unknown credited artist,[],Super Meat Boy Forever (super-meat-boy-forever-gamerip-2020),,,"[""video game soundtrack""]","[""und""]",,,,Super Meat Boy,,,khinsider_track_prominence_proxy,32.69251216765022,score_0_100,,,,73.07700486706008,,,,https://downloads.khinsider.com/game-soundtracks/album/super-meat-boy-forever-gamerip-2020,2026-10-05,Track title is taken from KHInsider's soundtrack/gamerip album index. Popularity is an explicitly labelled proxy based on BeatHit game rank and track prominence.,"{""culture_category"":""video_game_music"",""video_game"":""Super Meat Boy"",""game_rank"":1413,""game_association_kind"":""khinsider_game_soundtrack"",""khinsider_album_url"":""https://downloads.khinsider.com/game-soundtracks/album/super-meat-boy-forever-gamerip-2020"",""khinsider_album_title"":""Super Meat Boy Forever (super-meat-boy-forever-gamerip-2020)"",""khinsider_album_kind"":""official_or_gamerip"",""khinsider_album_match_score"":100.0,""relevance_score_100"":100.0,""popularity_score_100"":32.69251216765022,""score_100"":73.07700486706008,""popularity_basis"":""BeatHit master-list game rank plus track position proxy""}"
248,Chapter 6 Menus,Unknown credited artist,[],Super Meat Boy! Digital Special Edition Soundtrack (super-meat-boy-digital-special-edition-soundtrack),,,"[""video game soundtrack""]","[""und""]",,,,Super Meat Boy,,,khinsider_track_prominence_proxy,32.69251216765022,score_0_100,,,,73.07700486706008,,,,https://downloads.khinsider.com/game-soundtracks/album/super-meat-boy-digital-special-edition-soundtrack,2026-10-05,Track title is taken from KHInsider's soundtrack/gamerip album index. Popularity is an explicitly labelled proxy based on BeatHit game rank and track prominence.,"{""culture_category"":""video_game_music"",""video_game"":""Super Meat Boy"",""game_rank"":1413,""game_association_kind"":""khinsider_game_soundtrack"",""khinsider_album_url"":""https://downloads.khinsider.com/game-soundtracks/album/super-meat-boy-digital-special-edition-soundtrack"",""khinsider_album_title"":""Super Meat Boy! Digital Special Edition Soundtrack (super-meat-boy-digital-special-edition-soundtrack)"",""khinsider_album_kind"":""official_or_gamerip"",""khinsider_album_match_score"":100.0,""relevance_score_100"":100.0,""popularity_score_100"":32.69251216765022,""score_100"":73.07700486706008,""popularity_basis"":""BeatHit master-list game rank plus track position proxy""}"
249,SMB Forest Alt,Unknown credited artist,[],Super Meat Boy (super-meat-boy-2015-ps-vita-gamerip),,,"[""video game soundtrack""]","[""und""]",,,,Super Meat Boy,,,khinsider_track_prominence_proxy,32.48251216765023,score_0_100,,,,72.9930048670601,,,,https://downloads.khinsider.com/game-soundtracks/album/super-meat-boy-2015-ps-vita-gamerip,2026-10-05,Track title is taken from KHInsider's soundtrack/gamerip album index. Popularity is an explicitly labelled proxy based on BeatHit game rank and track prominence.,"{""culture_category"":""video_game_music"",""video_game"":""Super Meat Boy"",""game_rank"":1413,""game_association_kind"":""khinsider_game_soundtrack"",""khinsider_album_url"":""https://downloads.khinsider.com/game-soundtracks/album/super-meat-boy-2015-ps-vita-gamerip"",""khinsider_album_title"":""Super Meat Boy (super-meat-boy-2015-ps-vita-gamerip)"",""khinsider_album_kind"":""official_or_gamerip"",""khinsider_album_match_score"":100.0,""relevance_score_100"":100.0,""popularity_score_100"":32.48251216765023,""score_100"":72.9930048670601,""popularity_basis"":""BeatHit master-list game rank plus track position proxy""}"
250,Track 60,Unknown credited artist,[],Super Meat Boy Forever (super-meat-boy-forever-gamerip-2020),,,"[""video game soundtrack""]","[""und""]",,,,Super Meat Boy,,,khinsider_track_prominence_proxy,32.48251216765023,score_0_100,,,,72.9930048670601,,,,https://downloads.khinsider.com/game-soundtracks/album/super-meat-boy-forever-gamerip-2020,2026-10-05,Track title is taken from KHInsider's soundtrack/gamerip album index. Popularity is an explicitly labelled proxy based on BeatHit game rank and track prominence.,"{""culture_category"":""video_game_music"",""video_game"":""Super Meat Boy"",""game_rank"":1413,""game_association_kind"":""khinsider_game_soundtrack"",""khinsider_album_url"":""https://downloads.khinsider.com/game-soundtracks/album/super-meat-boy-forever-gamerip-2020"",""khinsider_album_title"":""Super Meat Boy Forever (super-meat-boy-forever-gamerip-2020)"",""khinsider_album_kind"":""official_or_gamerip"",""khinsider_album_match_score"":100.0,""relevance_score_100"":100.0,""popularity_score_100"":32.48251216765023,""score_100"":72.9930048670601,""popularity_basis"":""BeatHit master-list game rank plus track position proxy""}"
251,Chapter 6 Cutscene Score,Unknown credited artist,[],Super Meat Boy! Digital Special Edition Soundtrack (super-meat-boy-digital-special-edition-soundtrack),,,"[""video game soundtrack""]","[""und""]",,,,Super Meat Boy,,,khinsider_track_prominence_proxy,32.48251216765023,score_0_100,,,,72.9930048670601,,,,https://downloads.khinsider.com/game-soundtracks/album/super-meat-boy-digital-special-edition-soundtrack,2026-10-05,Track title is taken from KHInsider's soundtrack/gamerip album index. Popularity is an explicitly labelled proxy based on BeatHit game rank and track prominence.,"{""culture_category"":""video_game_music"",""video_game"":""Super Meat Boy"",""game_rank"":1413,""game_association_kind"":""khinsider_game_soundtrack"",""khinsider_album_url"":""https://downloads.khinsider.com/game-soundtracks/album/super-meat-boy-digital-special-edition-soundtrack"",""khinsider_album_title"":""Super Meat Boy! Digital Special Edition Soundtrack (super-meat-boy-digital-special-edition-soundtrack)"",""khinsider_album_kind"":""official_or_gamerip"",""khinsider_album_match_score"":100.0,""relevance_score_100"":100.0,""popularity_score_100"":32.48251216765023,""score_100"":72.9930048670601,""popularity_basis"":""BeatHit master-list game rank plus track position proxy""}"
252,SMB Title Loop,Unknown credited artist,[],Super Meat Boy (super-meat-boy-2015-ps-vita-gamerip),,,"[""video game soundtrack""]","[""und""]",,,,Super Meat Boy,,,khinsider_track_prominence_proxy,32.27251216765022,score_0_100,,,,72.90900486706009,,,,https://downloads.khinsider.com/game-soundtracks/album/super-meat-boy-2015-ps-vita-gamerip,2026-10-05,Track title is taken from KHInsider's soundtrack/gamerip album index. Popularity is an explicitly labelled proxy based on BeatHit game rank and track prominence.,"{""culture_category"":""video_game_music"",""video_game"":""Super Meat Boy"",""game_rank"":1413,""game_association_kind"":""khinsider_game_soundtrack"",""khinsider_album_url"":""https://downloads.khinsider.com/game-soundtracks/album/super-meat-boy-2015-ps-vita-gamerip"",""khinsider_album_title"":""Super Meat Boy (super-meat-boy-2015-ps-vita-gamerip)"",""khinsider_album_kind"":""official_or_gamerip"",""khinsider_album_match_score"":100.0,""relevance_score_100"":100.0,""popularity_score_100"":32.27251216765022,""score_100"":72.90900486706009,""popularity_basis"":""BeatHit master-list game rank plus track position proxy""}"
253,Track 61,Unknown credited artist,[],Super Meat Boy Forever (super-meat-boy-forever-gamerip-2020),,,"[""video game soundtrack""]","[""und""]",,,,Super Meat Boy,,,khinsider_track_prominence_proxy,32.27251216765022,score_0_100,,,,72.90900486706009,,,,https://downloads.khinsider.com/game-soundtracks/album/super-meat-boy-forever-gamerip-2020,2026-10-05,Track title is taken from KHInsider's soundtrack/gamerip album index. Popularity is an explicitly labelled proxy based on BeatHit game rank and track prominence.,"{""culture_category"":""video_game_music"",""video_game"":""Super Meat Boy"",""game_rank"":1413,""game_association_kind"":""khinsider_game_soundtrack"",""khinsider_album_url"":""https://downloads.khinsider.com/game-soundtracks/album/super-meat-boy-forever-gamerip-2020"",""khinsider_album_title"":""Super Meat Boy Forever (super-meat-boy-forever-gamerip-2020)"",""khinsider_album_kind"":""official_or_gamerip"",""khinsider_album_match_score"":100.0,""relevance_score_100"":100.0,""popularity_score_100"":32.27251216765022,""score_100"":72.90900486706009,""popularity_basis"":""BeatHit master-list game rank plus track position proxy""}"
254,The End Cutscene Score,Unknown credited artist,[],Super Meat Boy! Digital Special Edition Soundtrack (super-meat-boy-digital-special-edition-soundtrack),,,"[""video game soundtrack""]","[""und""]",,,,Super Meat Boy,,,khinsider_track_prominence_proxy,32.27251216765022,score_0_100,,,,72.90900486706009,,,,https://downloads.khinsider.com/game-soundtracks/album/super-meat-boy-digital-special-edition-soundtrack,2026-10-05,Track title is taken from KHInsider's soundtrack/gamerip album index. Popularity is an explicitly labelled proxy based on BeatHit game rank and track prominence.,"{""culture_category"":""video_game_music"",""video_game"":""Super Meat Boy"",""game_rank"":1413,""game_association_kind"":""khinsider_game_soundtrack"",""khinsider_album_url"":""https://downloads.khinsider.com/game-soundtracks/album/super-meat-boy-digital-special-edition-soundtrack"",""khinsider_album_title"":""Super Meat Boy! Digital Special Edition Soundtrack (super-meat-boy-digital-special-edition-soundtrack)"",""khinsider_album_kind"":""official_or_gamerip"",""khinsider_album_match_score"":100.0,""relevance_score_100"":100.0,""popularity_score_100"":32.27251216765022,""score_100"":72.90900486706009,""popularity_basis"":""BeatHit master-list game rank plus track position proxy""}"
255,SMB World Loop,Unknown credited artist,[],Super Meat Boy (super-meat-boy-2015-ps-vita-gamerip),,,"[""video game soundtrack""]","[""und""]",,,,Super Meat Boy,,,khinsider_track_prominence_proxy,32.062512167650226,score_0_100,,,,72.82500486706009,,,,https://downloads.khinsider.com/game-soundtracks/album/super-meat-boy-2015-ps-vita-gamerip,2026-10-05,Track title is taken from KHInsider's soundtrack/gamerip album index. Popularity is an explicitly labelled proxy based on BeatHit game rank and track prominence.,"{""culture_category"":""video_game_music"",""video_game"":""Super Meat Boy"",""game_rank"":1413,""game_association_kind"":""khinsider_game_soundtrack"",""khinsider_album_url"":""https://downloads.khinsider.com/game-soundtracks/album/super-meat-boy-2015-ps-vita-gamerip"",""khinsider_album_title"":""Super Meat Boy (super-meat-boy-2015-ps-vita-gamerip)"",""khinsider_album_kind"":""official_or_gamerip"",""khinsider_album_match_score"":100.0,""relevance_score_100"":100.0,""popularity_score_100"":32.062512167650226,""score_100"":72.82500486706009,""popularity_basis"":""BeatHit master-list game rank plus track position proxy""}"
256,Track 62,Unknown credited artist,[],Super Meat Boy Forever (super-meat-boy-forever-gamerip-2020),,,"[""video game soundtrack""]","[""und""]",,,,Super Meat Boy,,,khinsider_track_prominence_proxy,32.062512167650226,score_0_100,,,,72.82500486706009,,,,https://downloads.khinsider.com/game-soundtracks/album/super-meat-boy-forever-gamerip-2020,2026-10-05,Track title is taken from KHInsider's soundtrack/gamerip album index. Popularity is an explicitly labelled proxy based on BeatHit game rank and track prominence.,"{""culture_category"":""video_game_music"",""video_game"":""Super Meat Boy"",""game_rank"":1413,""game_association_kind"":""khinsider_game_soundtrack"",""khinsider_album_url"":""https://downloads.khinsider.com/game-soundtracks/album/super-meat-boy-forever-gamerip-2020"",""khinsider_album_title"":""Super Meat Boy Forever (super-meat-boy-forever-gamerip-2020)"",""khinsider_album_kind"":""official_or_gamerip"",""khinsider_album_match_score"":100.0,""relevance_score_100"":100.0,""popularity_score_100"":32.062512167650226,""score_100"":72.82500486706009,""popularity_basis"":""BeatHit master-list game rank plus track position proxy""}"
257,Cotton Alley Menus,Unknown credited artist,[],Super Meat Boy! Digital Special Edition Soundtrack (super-meat-boy-digital-special-edition-soundtrack),,,"[""video game soundtrack""]","[""und""]",,,,Super Meat Boy,,,khinsider_track_prominence_proxy,32.062512167650226,score_0_100,,,,72.82500486706009,,,,https://downloads.khinsider.com/game-soundtracks/album/super-meat-boy-digital-special-edition-soundtrack,2026-10-05,Track title is taken from KHInsider's soundtrack/gamerip album index. Popularity is an explicitly labelled proxy based on BeatHit game rank and track prominence.,"{""culture_category"":""video_game_music"",""video_game"":""Super Meat Boy"",""game_rank"":1413,""game_association_kind"":""khinsider_game_soundtrack"",""khinsider_album_url"":""https://downloads.khinsider.com/game-soundtracks/album/super-meat-boy-digital-special-edition-soundtrack"",""khinsider_album_title"":""Super Meat Boy! Digital Special Edition Soundtrack (super-meat-boy-digital-special-edition-soundtrack)"",""khinsider_album_kind"":""official_or_gamerip"",""khinsider_album_match_score"":100.0,""relevance_score_100"":100.0,""popularity_score_100"":32.062512167650226,""score_100"":72.82500486706009,""popularity_basis"":""BeatHit master-list game rank plus track position proxy""}"
258,The End,Unknown credited artist,[],Super Meat Boy (super-meat-boy-2015-ps-vita-gamerip),,,"[""video game soundtrack""]","[""und""]",,,,Super Meat Boy,,,khinsider_track_prominence_proxy,31.852512167650225,score_0_100,,,,72.7410048670601,,,,https://downloads.khinsider.com/game-soundtracks/album/super-meat-boy-2015-ps-vita-gamerip,2026-10-05,Track title is taken from KHInsider's soundtrack/gamerip album index. Popularity is an explicitly labelled proxy based on BeatHit game rank and track prominence.,"{""culture_category"":""video_game_music"",""video_game"":""Super Meat Boy"",""game_rank"":1413,""game_association_kind"":""khinsider_game_soundtrack"",""khinsider_album_url"":""https://downloads.khinsider.com/game-soundtracks/album/super-meat-boy-2015-ps-vita-gamerip"",""khinsider_album_title"":""Super Meat Boy (super-meat-boy-2015-ps-vita-gamerip)"",""khinsider_album_kind"":""official_or_gamerip"",""khinsider_album_match_score"":100.0,""relevance_score_100"":100.0,""popularity_score_100"":31.852512167650225,""score_100"":72.7410048670601,""popularity_basis"":""BeatHit master-list game rank plus track position proxy""}"
259,Track 63,Unknown credited artist,[],Super Meat Boy Forever (super-meat-boy-forever-gamerip-2020),,,"[""video game soundtrack""]","[""und""]",,,,Super Meat Boy,,,khinsider_track_prominence_proxy,31.852512167650225,score_0_100,,,,72.7410048670601,,,,https://downloads.khinsider.com/game-soundtracks/album/super-meat-boy-forever-gamerip-2020,2026-10-05,Track title is taken from KHInsider's soundtrack/gamerip album index. Popularity is an explicitly labelled proxy based on BeatHit game rank and track prominence.,"{""culture_category"":""video_game_music"",""video_game"":""Super Meat Boy"",""game_rank"":1413,""game_association_kind"":""khinsider_game_soundtrack"",""khinsider_album_url"":""https://downloads.khinsider.com/game-soundtracks/album/super-meat-boy-forever-gamerip-2020"",""khinsider_album_title"":""Super Meat Boy Forever (super-meat-boy-forever-gamerip-2020)"",""khinsider_album_kind"":""official_or_gamerip"",""khinsider_album_match_score"":100.0,""relevance_score_100"":100.0,""popularity_score_100"":31.852512167650225,""score_100"":72.7410048670601,""popularity_basis"":""BeatHit master-list game rank plus track position proxy""}"
260,4-bit Meat Boy Theme,Unknown credited artist,[],Super Meat Boy! Digital Special Edition Soundtrack (super-meat-boy-digital-special-edition-soundtrack),,,"[""video game soundtrack""]","[""und""]",,,,Super Meat Boy,,,khinsider_track_prominence_proxy,31.852512167650225,score_0_100,,,,72.7410048670601,,,,https://downloads.khinsider.com/game-soundtracks/album/super-meat-boy-digital-special-edition-soundtrack,2026-10-05,Track title is taken from KHInsider's soundtrack/gamerip album index. Popularity is an explicitly labelled proxy based on BeatHit game rank and track prominence.,"{""culture_category"":""video_game_music"",""video_game"":""Super Meat Boy"",""game_rank"":1413,""game_association_kind"":""khinsider_game_soundtrack"",""khinsider_album_url"":""https://downloads.khinsider.com/game-soundtracks/album/super-meat-boy-digital-special-edition-soundtrack"",""khinsider_album_title"":""Super Meat Boy! Digital Special Edition Soundtrack (super-meat-boy-digital-special-edition-soundtrack)"",""khinsider_album_kind"":""official_or_gamerip"",""khinsider_album_match_score"":100.0,""relevance_score_100"":100.0,""popularity_score_100"":31.852512167650225,""score_100"":72.7410048670601,""popularity_basis"":""BeatHit master-list game rank plus track position proxy""}"
261,The End Music,Unknown credited artist,[],Super Meat Boy (super-meat-boy-2015-ps-vita-gamerip),,,"[""video game soundtrack""]","[""und""]",,,,Super Meat Boy,,,khinsider_track_prominence_proxy,31.642512167650224,score_0_100,,,,72.6570048670601,,,,https://downloads.khinsider.com/game-soundtracks/album/super-meat-boy-2015-ps-vita-gamerip,2026-10-05,Track title is taken from KHInsider's soundtrack/gamerip album index. Popularity is an explicitly labelled proxy based on BeatHit game rank and track prominence.,"{""culture_category"":""video_game_music"",""video_game"":""Super Meat Boy"",""game_rank"":1413,""game_association_kind"":""khinsider_game_soundtrack"",""khinsider_album_url"":""https://downloads.khinsider.com/game-soundtracks/album/super-meat-boy-2015-ps-vita-gamerip"",""khinsider_album_title"":""Super Meat Boy (super-meat-boy-2015-ps-vita-gamerip)"",""khinsider_album_kind"":""official_or_gamerip"",""khinsider_album_match_score"":100.0,""relevance_score_100"":100.0,""popularity_score_100"":31.642512167650224,""score_100"":72.6570048670601,""popularity_basis"":""BeatHit master-list game rank plus track position proxy""}"
262,Track 64,Unknown credited artist,[],Super Meat Boy Forever (super-meat-boy-forever-gamerip-2020),,,"[""video game soundtrack""]","[""und""]",,,,Super Meat Boy,,,khinsider_track_prominence_proxy,31.642512167650224,score_0_100,,,,72.6570048670601,,,,https://downloads.khinsider.com/game-soundtracks/album/super-meat-boy-forever-gamerip-2020,2026-10-05,Track title is taken from KHInsider's soundtrack/gamerip album index. Popularity is an explicitly labelled proxy based on BeatHit game rank and track prominence.,"{""culture_category"":""video_game_music"",""video_game"":""Super Meat Boy"",""game_rank"":1413,""game_association_kind"":""khinsider_game_soundtrack"",""khinsider_album_url"":""https://downloads.khinsider.com/game-soundtracks/album/super-meat-boy-forever-gamerip-2020"",""khinsider_album_title"":""Super Meat Boy Forever (super-meat-boy-forever-gamerip-2020)"",""khinsider_album_kind"":""official_or_gamerip"",""khinsider_album_match_score"":100.0,""relevance_score_100"":100.0,""popularity_score_100"":31.642512167650224,""score_100"":72.6570048670601,""popularity_basis"":""BeatHit master-list game rank plus track position proxy""}"
263,Internets Menus,Unknown credited artist,[],Super Meat Boy! Digital Special Edition Soundtrack (super-meat-boy-digital-special-edition-soundtrack),,,"[""video game soundtrack""]","[""und""]",,,,Super Meat Boy,,,khinsider_track_prominence_proxy,31.642512167650224,score_0_100,,,,72.6570048670601,,,,https://downloads.khinsider.com/game-soundtracks/album/super-meat-boy-digital-special-edition-soundtrack,2026-10-05,Track title is taken from KHInsider's soundtrack/gamerip album index. Popularity is an explicitly labelled proxy based on BeatHit game rank and track prominence.,"{""culture_category"":""video_game_music"",""video_game"":""Super Meat Boy"",""game_rank"":1413,""game_association_kind"":""khinsider_game_soundtrack"",""khinsider_album_url"":""https://downloads.khinsider.com/game-soundtracks/album/super-meat-boy-digital-special-edition-soundtrack"",""khinsider_album_title"":""Super Meat Boy! Digital Special Edition Soundtrack (super-meat-boy-digital-special-edition-soundtrack)"",""khinsider_album_kind"":""official_or_gamerip"",""khinsider_album_match_score"":100.0,""relevance_score_100"":100.0,""popularity_score_100"":31.642512167650224,""score_100"":72.6570048670601,""popularity_basis"":""BeatHit master-list game rank plus track position proxy""}"
264,Track 65,Unknown credited artist,[],Super Meat Boy Forever (super-meat-boy-forever-gamerip-2020),,,"[""video game soundtrack""]","[""und""]",,,,Super Meat Boy,,,khinsider_track_prominence_proxy,31.432512167650223,score_0_100,,,,72.57300486706009,,,,https://downloads.khinsider.com/game-soundtracks/album/super-meat-boy-forever-gamerip-2020,2026-10-05,Track title is taken from KHInsider's soundtrack/gamerip album index. Popularity is an explicitly labelled proxy based on BeatHit game rank and track prominence.,"{""culture_category"":""video_game_music"",""video_game"":""Super Meat Boy"",""game_rank"":1413,""game_association_kind"":""khinsider_game_soundtrack"",""khinsider_album_url"":""https://downloads.khinsider.com/game-soundtracks/album/super-meat-boy-forever-gamerip-2020"",""khinsider_album_title"":""Super Meat Boy Forever (super-meat-boy-forever-gamerip-2020)"",""khinsider_album_kind"":""official_or_gamerip"",""khinsider_album_match_score"":100.0,""relevance_score_100"":100.0,""popularity_score_100"":31.432512167650223,""score_100"":72.57300486706009,""popularity_basis"":""BeatHit master-list game rank plus track position proxy""}"
265,4-bit Internets Menus,Unknown credited artist,[],Super Meat Boy! Digital Special Edition Soundtrack (super-meat-boy-digital-special-edition-soundtrack),,,"[""video game soundtrack""]","[""und""]",,,,Super Meat Boy,,,khinsider_track_prominence_proxy,31.432512167650223,score_0_100,,,,72.57300486706009,,,,https://downloads.khinsider.com/game-soundtracks/album/super-meat-boy-digital-special-edition-soundtrack,2026-10-05,Track title is taken from KHInsider's soundtrack/gamerip album index. Popularity is an explicitly labelled proxy based on BeatHit game rank and track prominence.,"{""culture_category"":""video_game_music"",""video_game"":""Super Meat Boy"",""game_rank"":1413,""game_association_kind"":""khinsider_game_soundtrack"",""khinsider_album_url"":""https://downloads.khinsider.com/game-soundtracks/album/super-meat-boy-digital-special-edition-soundtrack"",""khinsider_album_title"":""Super Meat Boy! Digital Special Edition Soundtrack (super-meat-boy-digital-special-edition-soundtrack)"",""khinsider_album_kind"":""official_or_gamerip"",""khinsider_album_match_score"":100.0,""relevance_score_100"":100.0,""popularity_score_100"":31.432512167650223,""score_100"":72.57300486706009,""popularity_basis"":""BeatHit master-list game rank plus track position proxy""}"
266,Track 66,Unknown credited artist,[],Super Meat Boy Forever (super-meat-boy-forever-gamerip-2020),,,"[""video game soundtrack""]","[""und""]",,,,Super Meat Boy,,,khinsider_track_prominence_proxy,31.222512167650223,score_0_100,,,,72.48900486706009,,,,https://downloads.khinsider.com/game-soundtracks/album/super-meat-boy-forever-gamerip-2020,2026-10-05,Track title is taken from KHInsider's soundtrack/gamerip album index. Popularity is an explicitly labelled proxy based on BeatHit game rank and track prominence.,"{""culture_category"":""video_game_music"",""video_game"":""Super Meat Boy"",""game_rank"":1413,""game_association_kind"":""khinsider_game_soundtrack"",""khinsider_album_url"":""https://downloads.khinsider.com/game-soundtracks/album/super-meat-boy-forever-gamerip-2020"",""khinsider_album_title"":""Super Meat Boy Forever (super-meat-boy-forever-gamerip-2020)"",""khinsider_album_kind"":""official_or_gamerip"",""khinsider_album_match_score"":100.0,""relevance_score_100"":100.0,""popularity_score_100"":31.222512167650223,""score_100"":72.48900486706009,""popularity_basis"":""BeatHit master-list game rank plus track position proxy""}"
267,8-bit Internets Levels,Unknown credited artist,[],Super Meat Boy! Digital Special Edition Soundtrack (super-meat-boy-digital-special-edition-soundtrack),,,"[""video game soundtrack""]","[""und""]",,,,Super Meat Boy,,,khinsider_track_prominence_proxy,31.222512167650223,score_0_100,,,,72.48900486706009,,,,https://downloads.khinsider.com/game-soundtracks/album/super-meat-boy-digital-special-edition-soundtrack,2026-10-05,Track title is taken from KHInsider's soundtrack/gamerip album index. Popularity is an explicitly labelled proxy based on BeatHit game rank and track prominence.,"{""culture_category"":""video_game_music"",""video_game"":""Super Meat Boy"",""game_rank"":1413,""game_association_kind"":""khinsider_game_soundtrack"",""khinsider_album_url"":""https://downloads.khinsider.com/game-soundtracks/album/super-meat-boy-digital-special-edition-soundtrack"",""khinsider_album_title"":""Super Meat Boy! Digital Special Edition Soundtrack (super-meat-boy-digital-special-edition-soundtrack)"",""khinsider_album_kind"":""official_or_gamerip"",""khinsider_album_match_score"":100.0,""relevance_score_100"":100.0,""popularity_score_100"":31.222512167650223,""score_100"":72.48900486706009,""popularity_basis"":""BeatHit master-list game rank plus track position proxy""}"
268,Track 67,Unknown credited artist,[],Super Meat Boy Forever (super-meat-boy-forever-gamerip-2020),,,"[""video game soundtrack""]","[""und""]",,,,Super Meat Boy,,,khinsider_track_prominence_proxy,31.012512167650225,score_0_100,,,,72.40500486706009,,,,https://downloads.khinsider.com/game-soundtracks/album/super-meat-boy-forever-gamerip-2020,2026-10-05,Track title is taken from KHInsider's soundtrack/gamerip album index. Popularity is an explicitly labelled proxy based on BeatHit game rank and track prominence.,"{""culture_category"":""video_game_music"",""video_game"":""Super Meat Boy"",""game_rank"":1413,""game_association_kind"":""khinsider_game_soundtrack"",""khinsider_album_url"":""https://downloads.khinsider.com/game-soundtracks/album/super-meat-boy-forever-gamerip-2020"",""khinsider_album_title"":""Super Meat Boy Forever (super-meat-boy-forever-gamerip-2020)"",""khinsider_album_kind"":""official_or_gamerip"",""khinsider_album_match_score"":100.0,""relevance_score_100"":100.0,""popularity_score_100"":31.012512167650225,""score_100"":72.40500486706009,""popularity_basis"":""BeatHit master-list game rank plus track position proxy""}"
269,90's Ad Track,Unknown credited artist,[],Super Meat Boy! Digital Special Edition Soundtrack (super-meat-boy-digital-special-edition-soundtrack),,,"[""video game soundtrack""]","[""und""]",,,,Super Meat Boy,,,khinsider_track_prominence_proxy,31.012512167650225,score_0_100,,,,72.40500486706009,,,,https://downloads.khinsider.com/game-soundtracks/album/super-meat-boy-digital-special-edition-soundtrack,2026-10-05,Track title is taken from KHInsider's soundtrack/gamerip album index. Popularity is an explicitly labelled proxy based on BeatHit game rank and track prominence.,"{""culture_category"":""video_game_music"",""video_game"":""Super Meat Boy"",""game_rank"":1413,""game_association_kind"":""khinsider_game_soundtrack"",""khinsider_album_url"":""https://downloads.khinsider.com/game-soundtracks/album/super-meat-boy-digital-special-edition-soundtrack"",""khinsider_album_title"":""Super Meat Boy! Digital Special Edition Soundtrack (super-meat-boy-digital-special-edition-soundtrack)"",""khinsider_album_kind"":""official_or_gamerip"",""khinsider_album_match_score"":100.0,""relevance_score_100"":100.0,""popularity_score_100"":31.012512167650225,""score_100"":72.40500486706009,""popularity_basis"":""BeatHit master-list game rank plus track position proxy""}"
270,Track 68,Unknown credited artist,[],Super Meat Boy Forever (super-meat-boy-forever-gamerip-2020),,,"[""video game soundtrack""]","[""und""]",,,,Super Meat Boy,,,khinsider_track_prominence_proxy,30.802512167650224,score_0_100,,,,72.32100486706008,,,,https://downloads.khinsider.com/game-soundtracks/album/super-meat-boy-forever-gamerip-2020,2026-10-05,Track title is taken from KHInsider's soundtrack/gamerip album index. Popularity is an explicitly labelled proxy based on BeatHit game rank and track prominence.,"{""culture_category"":""video_game_music"",""video_game"":""Super Meat Boy"",""game_rank"":1413,""game_association_kind"":""khinsider_game_soundtrack"",""khinsider_album_url"":""https://downloads.khinsider.com/game-soundtracks/album/super-meat-boy-forever-gamerip-2020"",""khinsider_album_title"":""Super Meat Boy Forever (super-meat-boy-forever-gamerip-2020)"",""khinsider_album_kind"":""official_or_gamerip"",""khinsider_album_match_score"":100.0,""relevance_score_100"":100.0,""popularity_score_100"":30.802512167650224,""score_100"":72.32100486706008,""popularity_basis"":""BeatHit master-list game rank plus track position proxy""}"
271,World Map Theme (unused),Unknown credited artist,[],Super Meat Boy! Digital Special Edition Soundtrack (super-meat-boy-digital-special-edition-soundtrack),,,"[""video game soundtrack""]","[""und""]",,,,Super Meat Boy,,,khinsider_track_prominence_proxy,30.802512167650224,score_0_100,,,,72.32100486706008,,,,https://downloads.khinsider.com/game-soundtracks/album/super-meat-boy-digital-special-edition-soundtrack,2026-10-05,Track title is taken from KHInsider's soundtrack/gamerip album index. Popularity is an explicitly labelled proxy based on BeatHit game rank and track prominence.,"{""culture_category"":""video_game_music"",""video_game"":""Super Meat Boy"",""game_rank"":1413,""game_association_kind"":""khinsider_game_soundtrack"",""khinsider_album_url"":""https://downloads.khinsider.com/game-soundtracks/album/super-meat-boy-digital-special-edition-soundtrack"",""khinsider_album_title"":""Super Meat Boy! Digital Special Edition Soundtrack (super-meat-boy-digital-special-edition-soundtrack)"",""khinsider_album_kind"":""official_or_gamerip"",""khinsider_album_match_score"":100.0,""relevance_score_100"":100.0,""popularity_score_100"":30.802512167650224,""score_100"":72.32100486706008,""popularity_basis"":""BeatHit master-list game rank plus track position proxy""}"
272,Track 69,Unknown credited artist,[],Super Meat Boy Forever (super-meat-boy-forever-gamerip-2020),,,"[""video game soundtrack""]","[""und""]",,,,Super Meat Boy,,,khinsider_track_prominence_proxy,30.592512167650227,score_0_100,,,,72.2370048670601,,,,https://downloads.khinsider.com/game-soundtracks/album/super-meat-boy-forever-gamerip-2020,2026-10-05,Track title is taken from KHInsider's soundtrack/gamerip album index. Popularity is an explicitly labelled proxy based on BeatHit game rank and track prominence.,"{""culture_category"":""video_game_music"",""video_game"":""Super Meat Boy"",""game_rank"":1413,""game_association_kind"":""khinsider_game_soundtrack"",""khinsider_album_url"":""https://downloads.khinsider.com/game-soundtracks/album/super-meat-boy-forever-gamerip-2020"",""khinsider_album_title"":""Super Meat Boy Forever (super-meat-boy-forever-gamerip-2020)"",""khinsider_album_kind"":""official_or_gamerip"",""khinsider_album_match_score"":100.0,""relevance_score_100"":100.0,""popularity_score_100"":30.592512167650227,""score_100"":72.2370048670601,""popularity_basis"":""BeatHit master-list game rank plus track position proxy""}"
273,World Map Theme 2 (unused),Unknown credited artist,[],Super Meat Boy! Digital Special Edition Soundtrack (super-meat-boy-digital-special-edition-soundtrack),,,"[""video game soundtrack""]","[""und""]",,,,Super Meat Boy,,,khinsider_track_prominence_proxy,30.592512167650227,score_0_100,,,,72.2370048670601,,,,https://downloads.khinsider.com/game-soundtracks/album/super-meat-boy-digital-special-edition-soundtrack,2026-10-05,Track title is taken from KHInsider's soundtrack/gamerip album index. Popularity is an explicitly labelled proxy based on BeatHit game rank and track prominence.,"{""culture_category"":""video_game_music"",""video_game"":""Super Meat Boy"",""game_rank"":1413,""game_association_kind"":""khinsider_game_soundtrack"",""khinsider_album_url"":""https://downloads.khinsider.com/game-soundtracks/album/super-meat-boy-digital-special-edition-soundtrack"",""khinsider_album_title"":""Super Meat Boy! Digital Special Edition Soundtrack (super-meat-boy-digital-special-edition-soundtrack)"",""khinsider_album_kind"":""official_or_gamerip"",""khinsider_album_match_score"":100.0,""relevance_score_100"":100.0,""popularity_score_100"":30.592512167650227,""score_100"":72.2370048670601,""popularity_basis"":""BeatHit master-list game rank plus track position proxy""}"
274,Track 70,Unknown credited artist,[],Super Meat Boy Forever (super-meat-boy-forever-gamerip-2020),,,"[""video game soundtrack""]","[""und""]",,,,Super Meat Boy,,,khinsider_track_prominence_proxy,30.382512167650226,score_0_100,,,,72.15300486706009,,,,https://downloads.khinsider.com/game-soundtracks/album/super-meat-boy-forever-gamerip-2020,2026-10-05,Track title is taken from KHInsider's soundtrack/gamerip album index. Popularity is an explicitly labelled proxy based on BeatHit game rank and track prominence.,"{""culture_category"":""video_game_music"",""video_game"":""Super Meat Boy"",""game_rank"":1413,""game_association_kind"":""khinsider_game_soundtrack"",""khinsider_album_url"":""https://downloads.khinsider.com/game-soundtracks/album/super-meat-boy-forever-gamerip-2020"",""khinsider_album_title"":""Super Meat Boy Forever (super-meat-boy-forever-gamerip-2020)"",""khinsider_album_kind"":""official_or_gamerip"",""khinsider_album_match_score"":100.0,""relevance_score_100"":100.0,""popularity_score_100"":30.382512167650226,""score_100"":72.15300486706009,""popularity_basis"":""BeatHit master-list game rank plus track position proxy""}"
275,Character Select Theme (unused),Unknown credited artist,[],Super Meat Boy! Digital Special Edition Soundtrack (super-meat-boy-digital-special-edition-soundtrack),,,"[""video game soundtrack""]","[""und""]",,,,Super Meat Boy,,,khinsider_track_prominence_proxy,30.382512167650226,score_0_100,,,,72.15300486706009,,,,https://downloads.khinsider.com/game-soundtracks/album/super-meat-boy-digital-special-edition-soundtrack,2026-10-05,Track title is taken from KHInsider's soundtrack/gamerip album index. Popularity is an explicitly labelled proxy based on BeatHit game rank and track prominence.,"{""culture_category"":""video_game_music"",""video_game"":""Super Meat Boy"",""game_rank"":1413,""game_association_kind"":""khinsider_game_soundtrack"",""khinsider_album_url"":""https://downloads.khinsider.com/game-soundtracks/album/super-meat-boy-digital-special-edition-soundtrack"",""khinsider_album_title"":""Super Meat Boy! Digital Special Edition Soundtrack (super-meat-boy-digital-special-edition-soundtrack)"",""khinsider_album_kind"":""official_or_gamerip"",""khinsider_album_match_score"":100.0,""relevance_score_100"":100.0,""popularity_score_100"":30.382512167650226,""score_100"":72.15300486706009,""popularity_basis"":""BeatHit master-list game rank plus track position proxy""}"
276,Track 71,Unknown credited artist,[],Super Meat Boy Forever (super-meat-boy-forever-gamerip-2020),,,"[""video game soundtrack""]","[""und""]",,,,Super Meat Boy,,,khinsider_track_prominence_proxy,30.172512167650225,score_0_100,,,,72.06900486706009,,,,https://downloads.khinsider.com/game-soundtracks/album/super-meat-boy-forever-gamerip-2020,2026-10-05,Track title is taken from KHInsider's soundtrack/gamerip album index. Popularity is an explicitly labelled proxy based on BeatHit game rank and track prominence.,"{""culture_category"":""video_game_music"",""video_game"":""Super Meat Boy"",""game_rank"":1413,""game_association_kind"":""khinsider_game_soundtrack"",""khinsider_album_url"":""https://downloads.khinsider.com/game-soundtracks/album/super-meat-boy-forever-gamerip-2020"",""khinsider_album_title"":""Super Meat Boy Forever (super-meat-boy-forever-gamerip-2020)"",""khinsider_album_kind"":""official_or_gamerip"",""khinsider_album_match_score"":100.0,""relevance_score_100"":100.0,""popularity_score_100"":30.172512167650225,""score_100"":72.06900486706009,""popularity_basis"":""BeatHit master-list game rank plus track position proxy""}"
277,Character Select Theme 2 (unused),Unknown credited artist,[],Super Meat Boy! Digital Special Edition Soundtrack (super-meat-boy-digital-special-edition-soundtrack),,,"[""video game soundtrack""]","[""und""]",,,,Super Meat Boy,,,khinsider_track_prominence_proxy,30.172512167650225,score_0_100,,,,72.06900486706009,,,,https://downloads.khinsider.com/game-soundtracks/album/super-meat-boy-digital-special-edition-soundtrack,2026-10-05,Track title is taken from KHInsider's soundtrack/gamerip album index. Popularity is an explicitly labelled proxy based on BeatHit game rank and track prominence.,"{""culture_category"":""video_game_music"",""video_game"":""Super Meat Boy"",""game_rank"":1413,""game_association_kind"":""khinsider_game_soundtrack"",""khinsider_album_url"":""https://downloads.khinsider.com/game-soundtracks/album/super-meat-boy-digital-special-edition-soundtrack"",""khinsider_album_title"":""Super Meat Boy! Digital Special Edition Soundtrack (super-meat-boy-digital-special-edition-soundtrack)"",""khinsider_album_kind"":""official_or_gamerip"",""khinsider_album_match_score"":100.0,""relevance_score_100"":100.0,""popularity_score_100"":30.172512167650225,""score_100"":72.06900486706009,""popularity_basis"":""BeatHit master-list game rank plus track position proxy""}"
278,Track 72,Unknown credited artist,[],Super Meat Boy Forever (super-meat-boy-forever-gamerip-2020),,,"[""video game soundtrack""]","[""und""]",,,,Super Meat Boy,,,khinsider_track_prominence_proxy,29.962512167650225,score_0_100,,,,71.9850048670601,,,,https://downloads.khinsider.com/game-soundtracks/album/super-meat-boy-forever-gamerip-2020,2026-10-05,Track title is taken from KHInsider's soundtrack/gamerip album index. Popularity is an explicitly labelled proxy based on BeatHit game rank and track prominence.,"{""culture_category"":""video_game_music"",""video_game"":""Super Meat Boy"",""game_rank"":1413,""game_association_kind"":""khinsider_game_soundtrack"",""khinsider_album_url"":""https://downloads.khinsider.com/game-soundtracks/album/super-meat-boy-forever-gamerip-2020"",""khinsider_album_title"":""Super Meat Boy Forever (super-meat-boy-forever-gamerip-2020)"",""khinsider_album_kind"":""official_or_gamerip"",""khinsider_album_match_score"":100.0,""relevance_score_100"":100.0,""popularity_score_100"":29.962512167650225,""score_100"":71.9850048670601,""popularity_basis"":""BeatHit master-list game rank plus track position proxy""}"
279,Demo Cutscene Score,Unknown credited artist,[],Super Meat Boy! Digital Special Edition Soundtrack (super-meat-boy-digital-special-edition-soundtrack),,,"[""video game soundtrack""]","[""und""]",,,,Super Meat Boy,,,khinsider_track_prominence_proxy,29.962512167650225,score_0_100,,,,71.9850048670601,,,,https://downloads.khinsider.com/game-soundtracks/album/super-meat-boy-digital-special-edition-soundtrack,2026-10-05,Track title is taken from KHInsider's soundtrack/gamerip album index. Popularity is an explicitly labelled proxy based on BeatHit game rank and track prominence.,"{""culture_category"":""video_game_music"",""video_game"":""Super Meat Boy"",""game_rank"":1413,""game_association_kind"":""khinsider_game_soundtrack"",""khinsider_album_url"":""https://downloads.khinsider.com/game-soundtracks/album/super-meat-boy-digital-special-edition-soundtrack"",""khinsider_album_title"":""Super Meat Boy! Digital Special Edition Soundtrack (super-meat-boy-digital-special-edition-soundtrack)"",""khinsider_album_kind"":""official_or_gamerip"",""khinsider_album_match_score"":100.0,""relevance_score_100"":100.0,""popularity_score_100"":29.962512167650225,""score_100"":71.9850048670601,""popularity_basis"":""BeatHit master-list game rank plus track position proxy""}"
280,Track 73,Unknown credited artist,[],Super Meat Boy Forever (super-meat-boy-forever-gamerip-2020),,,"[""video game soundtrack""]","[""und""]",,,,Super Meat Boy,,,khinsider_track_prominence_proxy,29.752512167650224,score_0_100,,,,71.9010048670601,,,,https://downloads.khinsider.com/game-soundtracks/album/super-meat-boy-forever-gamerip-2020,2026-10-05,Track title is taken from KHInsider's soundtrack/gamerip album index. Popularity is an explicitly labelled proxy based on BeatHit game rank and track prominence.,"{""culture_category"":""video_game_music"",""video_game"":""Super Meat Boy"",""game_rank"":1413,""game_association_kind"":""khinsider_game_soundtrack"",""khinsider_album_url"":""https://downloads.khinsider.com/game-soundtracks/album/super-meat-boy-forever-gamerip-2020"",""khinsider_album_title"":""Super Meat Boy Forever (super-meat-boy-forever-gamerip-2020)"",""khinsider_album_kind"":""official_or_gamerip"",""khinsider_album_match_score"":100.0,""relevance_score_100"":100.0,""popularity_score_100"":29.752512167650224,""score_100"":71.9010048670601,""popularity_basis"":""BeatHit master-list game rank plus track position proxy""}"
281,Dun Dun Dun (unused),Unknown credited artist,[],Super Meat Boy! Digital Special Edition Soundtrack (super-meat-boy-digital-special-edition-soundtrack),,,"[""video game soundtrack""]","[""und""]",,,,Super Meat Boy,,,khinsider_track_prominence_proxy,29.752512167650224,score_0_100,,,,71.9010048670601,,,,https://downloads.khinsider.com/game-soundtracks/album/super-meat-boy-digital-special-edition-soundtrack,2026-10-05,Track title is taken from KHInsider's soundtrack/gamerip album index. Popularity is an explicitly labelled proxy based on BeatHit game rank and track prominence.,"{""culture_category"":""video_game_music"",""video_game"":""Super Meat Boy"",""game_rank"":1413,""game_association_kind"":""khinsider_game_soundtrack"",""khinsider_album_url"":""https://downloads.khinsider.com/game-soundtracks/album/super-meat-boy-digital-special-edition-soundtrack"",""khinsider_album_title"":""Super Meat Boy! Digital Special Edition Soundtrack (super-meat-boy-digital-special-edition-soundtrack)"",""khinsider_album_kind"":""official_or_gamerip"",""khinsider_album_match_score"":100.0,""relevance_score_100"":100.0,""popularity_score_100"":29.752512167650224,""score_100"":71.9010048670601,""popularity_basis"":""BeatHit master-list game rank plus track position proxy""}"
282,Track 74,Unknown credited artist,[],Super Meat Boy Forever (super-meat-boy-forever-gamerip-2020),,,"[""video game soundtrack""]","[""und""]",,,,Super Meat Boy,,,khinsider_track_prominence_proxy,29.542512167650226,score_0_100,,,,71.81700486706009,,,,https://downloads.khinsider.com/game-soundtracks/album/super-meat-boy-forever-gamerip-2020,2026-10-05,Track title is taken from KHInsider's soundtrack/gamerip album index. Popularity is an explicitly labelled proxy based on BeatHit game rank and track prominence.,"{""culture_category"":""video_game_music"",""video_game"":""Super Meat Boy"",""game_rank"":1413,""game_association_kind"":""khinsider_game_soundtrack"",""khinsider_album_url"":""https://downloads.khinsider.com/game-soundtracks/album/super-meat-boy-forever-gamerip-2020"",""khinsider_album_title"":""Super Meat Boy Forever (super-meat-boy-forever-gamerip-2020)"",""khinsider_album_kind"":""official_or_gamerip"",""khinsider_album_match_score"":100.0,""relevance_score_100"":100.0,""popularity_score_100"":29.542512167650226,""score_100"":71.81700486706009,""popularity_basis"":""BeatHit master-list game rank plus track position proxy""}"
283,The Battle of Lil' Slugger (Ch 1 Boss Extended Cut),Unknown credited artist,[],Super Meat Boy! Digital Special Edition Soundtrack (super-meat-boy-digital-special-edition-soundtrack),,,"[""video game soundtrack""]","[""und""]",,,,Super Meat Boy,,,khinsider_track_prominence_proxy,29.542512167650226,score_0_100,,,,71.81700486706009,,,,https://downloads.khinsider.com/game-soundtracks/album/super-meat-boy-digital-special-edition-soundtrack,2026-10-05,Track title is taken from KHInsider's soundtrack/gamerip album index. Popularity is an explicitly labelled proxy based on BeatHit game rank and track prominence.,"{""culture_category"":""video_game_music"",""video_game"":""Super Meat Boy"",""game_rank"":1413,""game_association_kind"":""khinsider_game_soundtrack"",""khinsider_album_url"":""https://downloads.khinsider.com/game-soundtracks/album/super-meat-boy-digital-special-edition-soundtrack"",""khinsider_album_title"":""Super Meat Boy! Digital Special Edition Soundtrack (super-meat-boy-digital-special-edition-soundtrack)"",""khinsider_album_kind"":""official_or_gamerip"",""khinsider_album_match_score"":100.0,""relevance_score_100"":100.0,""popularity_score_100"":29.542512167650226,""score_100"":71.81700486706009,""popularity_basis"":""BeatHit master-list game rank plus track position proxy""}"
284,Track 75,Unknown credited artist,[],Super Meat Boy Forever (super-meat-boy-forever-gamerip-2020),,,"[""video game soundtrack""]","[""und""]",,,,Super Meat Boy,,,khinsider_track_prominence_proxy,29.332512167650226,score_0_100,,,,71.73300486706009,,,,https://downloads.khinsider.com/game-soundtracks/album/super-meat-boy-forever-gamerip-2020,2026-10-05,Track title is taken from KHInsider's soundtrack/gamerip album index. Popularity is an explicitly labelled proxy based on BeatHit game rank and track prominence.,"{""culture_category"":""video_game_music"",""video_game"":""Super Meat Boy"",""game_rank"":1413,""game_association_kind"":""khinsider_game_soundtrack"",""khinsider_album_url"":""https://downloads.khinsider.com/game-soundtracks/album/super-meat-boy-forever-gamerip-2020"",""khinsider_album_title"":""Super Meat Boy Forever (super-meat-boy-forever-gamerip-2020)"",""khinsider_album_kind"":""official_or_gamerip"",""khinsider_album_match_score"":100.0,""relevance_score_100"":100.0,""popularity_score_100"":29.332512167650226,""score_100"":71.73300486706009,""popularity_basis"":""BeatHit master-list game rank plus track position proxy""}"
285,Betus Blues RETRO (Ch 2 Warp Zone Extended Cut),Unknown credited artist,[],Super Meat Boy! Digital Special Edition Soundtrack (super-meat-boy-digital-special-edition-soundtrack),,,"[""video game soundtrack""]","[""und""]",,,,Super Meat Boy,,,khinsider_track_prominence_proxy,29.332512167650226,score_0_100,,,,71.73300486706009,,,,https://downloads.khinsider.com/game-soundtracks/album/super-meat-boy-digital-special-edition-soundtrack,2026-10-05,Track title is taken from KHInsider's soundtrack/gamerip album index. Popularity is an explicitly labelled proxy based on BeatHit game rank and track prominence.,"{""culture_category"":""video_game_music"",""video_game"":""Super Meat Boy"",""game_rank"":1413,""game_association_kind"":""khinsider_game_soundtrack"",""khinsider_album_url"":""https://downloads.khinsider.com/game-soundtracks/album/super-meat-boy-digital-special-edition-soundtrack"",""khinsider_album_title"":""Super Meat Boy! Digital Special Edition Soundtrack (super-meat-boy-digital-special-edition-soundtrack)"",""khinsider_album_kind"":""official_or_gamerip"",""khinsider_album_match_score"":100.0,""relevance_score_100"":100.0,""popularity_score_100"":29.332512167650226,""score_100"":71.73300486706009,""popularity_basis"":""BeatHit master-list game rank plus track position proxy""}"
286,Track 76,Unknown credited artist,[],Super Meat Boy Forever (super-meat-boy-forever-gamerip-2020),,,"[""video game soundtrack""]","[""und""]",,,,Super Meat Boy,,,khinsider_track_prominence_proxy,29.122512167650225,score_0_100,,,,71.64900486706009,,,,https://downloads.khinsider.com/game-soundtracks/album/super-meat-boy-forever-gamerip-2020,2026-10-05,Track title is taken from KHInsider's soundtrack/gamerip album index. Popularity is an explicitly labelled proxy based on BeatHit game rank and track prominence.,"{""culture_category"":""video_game_music"",""video_game"":""Super Meat Boy"",""game_rank"":1413,""game_association_kind"":""khinsider_game_soundtrack"",""khinsider_album_url"":""https://downloads.khinsider.com/game-soundtracks/album/super-meat-boy-forever-gamerip-2020"",""khinsider_album_title"":""Super Meat Boy Forever (super-meat-boy-forever-gamerip-2020)"",""khinsider_album_kind"":""official_or_gamerip"",""khinsider_album_match_score"":100.0,""relevance_score_100"":100.0,""popularity_score_100"":29.122512167650225,""score_100"":71.64900486706009,""popularity_basis"":""BeatHit master-list game rank plus track position proxy""}"
287,Can o' Salt (Ch 3 Light World Extended Cut),Unknown credited artist,[],Super Meat Boy! Digital Special Edition Soundtrack (super-meat-boy-digital-special-edition-soundtrack),,,"[""video game soundtrack""]","[""und""]",,,,Super Meat Boy,,,khinsider_track_prominence_proxy,29.122512167650225,score_0_100,,,,71.64900486706009,,,,https://downloads.khinsider.com/game-soundtracks/album/super-meat-boy-digital-special-edition-soundtrack,2026-10-05,Track title is taken from KHInsider's soundtrack/gamerip album index. Popularity is an explicitly labelled proxy based on BeatHit game rank and track prominence.,"{""culture_category"":""video_game_music"",""video_game"":""Super Meat Boy"",""game_rank"":1413,""game_association_kind"":""khinsider_game_soundtrack"",""khinsider_album_url"":""https://downloads.khinsider.com/game-soundtracks/album/super-meat-boy-digital-special-edition-soundtrack"",""khinsider_album_title"":""Super Meat Boy! Digital Special Edition Soundtrack (super-meat-boy-digital-special-edition-soundtrack)"",""khinsider_album_kind"":""official_or_gamerip"",""khinsider_album_match_score"":100.0,""relevance_score_100"":100.0,""popularity_score_100"":29.122512167650225,""score_100"":71.64900486706009,""popularity_basis"":""BeatHit master-list game rank plus track position proxy""}"
288,Track 77,Unknown credited artist,[],Super Meat Boy Forever (super-meat-boy-forever-gamerip-2020),,,"[""video game soundtrack""]","[""und""]",,,,Super Meat Boy,,,khinsider_track_prominence_proxy,28.912512167650227,score_0_100,,,,71.5650048670601,,,,https://downloads.khinsider.com/game-soundtracks/album/super-meat-boy-forever-gamerip-2020,2026-10-05,Track title is taken from KHInsider's soundtrack/gamerip album index. Popularity is an explicitly labelled proxy based on BeatHit game rank and track prominence.,"{""culture_category"":""video_game_music"",""video_game"":""Super Meat Boy"",""game_rank"":1413,""game_association_kind"":""khinsider_game_soundtrack"",""khinsider_album_url"":""https://downloads.khinsider.com/game-soundtracks/album/super-meat-boy-forever-gamerip-2020"",""khinsider_album_title"":""Super Meat Boy Forever (super-meat-boy-forever-gamerip-2020)"",""khinsider_album_kind"":""official_or_gamerip"",""khinsider_album_match_score"":100.0,""relevance_score_100"":100.0,""popularity_score_100"":28.912512167650227,""score_100"":71.5650048670601,""popularity_basis"":""BeatHit master-list game rank plus track position proxy""}"
289,Tetanus Blues (REMIX),Unknown credited artist,[],Super Meat Boy! Digital Special Edition Soundtrack (super-meat-boy-digital-special-edition-soundtrack),,,"[""video game soundtrack""]","[""und""]",,,,Super Meat Boy,,,khinsider_track_prominence_proxy,28.912512167650227,score_0_100,,,,71.5650048670601,,,,https://downloads.khinsider.com/game-soundtracks/album/super-meat-boy-digital-special-edition-soundtrack,2026-10-05,Track title is taken from KHInsider's soundtrack/gamerip album index. Popularity is an explicitly labelled proxy based on BeatHit game rank and track prominence.,"{""culture_category"":""video_game_music"",""video_game"":""Super Meat Boy"",""game_rank"":1413,""game_association_kind"":""khinsider_game_soundtrack"",""khinsider_album_url"":""https://downloads.khinsider.com/game-soundtracks/album/super-meat-boy-digital-special-edition-soundtrack"",""khinsider_album_title"":""Super Meat Boy! Digital Special Edition Soundtrack (super-meat-boy-digital-special-edition-soundtrack)"",""khinsider_album_kind"":""official_or_gamerip"",""khinsider_album_match_score"":100.0,""relevance_score_100"":100.0,""popularity_score_100"":28.912512167650227,""score_100"":71.5650048670601,""popularity_basis"":""BeatHit master-list game rank plus track position proxy""}"
290,Track 78,Unknown credited artist,[],Super Meat Boy Forever (super-meat-boy-forever-gamerip-2020),,,"[""video game soundtrack""]","[""und""]",,,,Super Meat Boy,,,khinsider_track_prominence_proxy,28.702512167650227,score_0_100,,,,71.4810048670601,,,,https://downloads.khinsider.com/game-soundtracks/album/super-meat-boy-forever-gamerip-2020,2026-10-05,Track title is taken from KHInsider's soundtrack/gamerip album index. Popularity is an explicitly labelled proxy based on BeatHit game rank and track prominence.,"{""culture_category"":""video_game_music"",""video_game"":""Super Meat Boy"",""game_rank"":1413,""game_association_kind"":""khinsider_game_soundtrack"",""khinsider_album_url"":""https://downloads.khinsider.com/game-soundtracks/album/super-meat-boy-forever-gamerip-2020"",""khinsider_album_title"":""Super Meat Boy Forever (super-meat-boy-forever-gamerip-2020)"",""khinsider_album_kind"":""official_or_gamerip"",""khinsider_album_match_score"":100.0,""relevance_score_100"":100.0,""popularity_score_100"":28.702512167650227,""score_100"":71.4810048670601,""popularity_basis"":""BeatHit master-list game rank plus track position proxy""}"
291,Just Love (REMIX),Unknown credited artist,[],Super Meat Boy! Digital Special Edition Soundtrack (super-meat-boy-digital-special-edition-soundtrack),,,"[""video game soundtrack""]","[""und""]",,,,Super Meat Boy,,,khinsider_track_prominence_proxy,28.702512167650227,score_0_100,,,,71.4810048670601,,,,https://downloads.khinsider.com/game-soundtracks/album/super-meat-boy-digital-special-edition-soundtrack,2026-10-05,Track title is taken from KHInsider's soundtrack/gamerip album index. Popularity is an explicitly labelled proxy based on BeatHit game rank and track prominence.,"{""culture_category"":""video_game_music"",""video_game"":""Super Meat Boy"",""game_rank"":1413,""game_association_kind"":""khinsider_game_soundtrack"",""khinsider_album_url"":""https://downloads.khinsider.com/game-soundtracks/album/super-meat-boy-digital-special-edition-soundtrack"",""khinsider_album_title"":""Super Meat Boy! Digital Special Edition Soundtrack (super-meat-boy-digital-special-edition-soundtrack)"",""khinsider_album_kind"":""official_or_gamerip"",""khinsider_album_match_score"":100.0,""relevance_score_100"":100.0,""popularity_score_100"":28.702512167650227,""score_100"":71.4810048670601,""popularity_basis"":""BeatHit master-list game rank plus track position proxy""}"
292,Track 79,Unknown credited artist,[],Super Meat Boy Forever (super-meat-boy-forever-gamerip-2020),,,"[""video game soundtrack""]","[""und""]",,,,Super Meat Boy,,,khinsider_track_prominence_proxy,28.492512167650226,score_0_100,,,,71.39700486706009,,,,https://downloads.khinsider.com/game-soundtracks/album/super-meat-boy-forever-gamerip-2020,2026-10-05,Track title is taken from KHInsider's soundtrack/gamerip album index. Popularity is an explicitly labelled proxy based on BeatHit game rank and track prominence.,"{""culture_category"":""video_game_music"",""video_game"":""Super Meat Boy"",""game_rank"":1413,""game_association_kind"":""khinsider_game_soundtrack"",""khinsider_album_url"":""https://downloads.khinsider.com/game-soundtracks/album/super-meat-boy-forever-gamerip-2020"",""khinsider_album_title"":""Super Meat Boy Forever (super-meat-boy-forever-gamerip-2020)"",""khinsider_album_kind"":""official_or_gamerip"",""khinsider_album_match_score"":100.0,""relevance_score_100"":100.0,""popularity_score_100"":28.492512167650226,""score_100"":71.39700486706009,""popularity_basis"":""BeatHit master-list game rank plus track position proxy""}"
293,Big Giant Throbbing Rocket (REMIX),Unknown credited artist,[],Super Meat Boy! Digital Special Edition Soundtrack (super-meat-boy-digital-special-edition-soundtrack),,,"[""video game soundtrack""]","[""und""]",,,,Super Meat Boy,,,khinsider_track_prominence_proxy,28.492512167650226,score_0_100,,,,71.39700486706009,,,,https://downloads.khinsider.com/game-soundtracks/album/super-meat-boy-digital-special-edition-soundtrack,2026-10-05,Track title is taken from KHInsider's soundtrack/gamerip album index. Popularity is an explicitly labelled proxy based on BeatHit game rank and track prominence.,"{""culture_category"":""video_game_music"",""video_game"":""Super Meat Boy"",""game_rank"":1413,""game_association_kind"":""khinsider_game_soundtrack"",""khinsider_album_url"":""https://downloads.khinsider.com/game-soundtracks/album/super-meat-boy-digital-special-edition-soundtrack"",""khinsider_album_title"":""Super Meat Boy! Digital Special Edition Soundtrack (super-meat-boy-digital-special-edition-soundtrack)"",""khinsider_album_kind"":""official_or_gamerip"",""khinsider_album_match_score"":100.0,""relevance_score_100"":100.0,""popularity_score_100"":28.492512167650226,""score_100"":71.39700486706009,""popularity_basis"":""BeatHit master-list game rank plus track position proxy""}"
294,Track 80,Unknown credited artist,[],Super Meat Boy Forever (super-meat-boy-forever-gamerip-2020),,,"[""video game soundtrack""]","[""und""]",,,,Super Meat Boy,,,khinsider_track_prominence_proxy,28.282512167650225,score_0_100,,,,71.31300486706009,,,,https://downloads.khinsider.com/game-soundtracks/album/super-meat-boy-forever-gamerip-2020,2026-10-05,Track title is taken from KHInsider's soundtrack/gamerip album index. Popularity is an explicitly labelled proxy based on BeatHit game rank and track prominence.,"{""culture_category"":""video_game_music"",""video_game"":""Super Meat Boy"",""game_rank"":1413,""game_association_kind"":""khinsider_game_soundtrack"",""khinsider_album_url"":""https://downloads.khinsider.com/game-soundtracks/album/super-meat-boy-forever-gamerip-2020"",""khinsider_album_title"":""Super Meat Boy Forever (super-meat-boy-forever-gamerip-2020)"",""khinsider_album_kind"":""official_or_gamerip"",""khinsider_album_match_score"":100.0,""relevance_score_100"":100.0,""popularity_score_100"":28.282512167650225,""score_100"":71.31300486706009,""popularity_basis"":""BeatHit master-list game rank plus track position proxy""}"
295,Acapella Rockapella Soundtrack Medley,Unknown credited artist,[],Super Meat Boy! Digital Special Edition Soundtrack (super-meat-boy-digital-special-edition-soundtrack),,,"[""video game soundtrack""]","[""und""]",,,,Super Meat Boy,,,khinsider_track_prominence_proxy,28.282512167650225,score_0_100,,,,71.31300486706009,,,,https://downloads.khinsider.com/game-soundtracks/album/super-meat-boy-digital-special-edition-soundtrack,2026-10-05,Track title is taken from KHInsider's soundtrack/gamerip album index. Popularity is an explicitly labelled proxy based on BeatHit game rank and track prominence.,"{""culture_category"":""video_game_music"",""video_game"":""Super Meat Boy"",""game_rank"":1413,""game_association_kind"":""khinsider_game_soundtrack"",""khinsider_album_url"":""https://downloads.khinsider.com/game-soundtracks/album/super-meat-boy-digital-special-edition-soundtrack"",""khinsider_album_title"":""Super Meat Boy! Digital Special Edition Soundtrack (super-meat-boy-digital-special-edition-soundtrack)"",""khinsider_album_kind"":""official_or_gamerip"",""khinsider_album_match_score"":100.0,""relevance_score_100"":100.0,""popularity_score_100"":28.282512167650225,""score_100"":71.31300486706009,""popularity_basis"":""BeatHit master-list game rank plus track position proxy""}"
296,Track 81,Unknown credited artist,[],Super Meat Boy Forever (super-meat-boy-forever-gamerip-2020),,,"[""video game soundtrack""]","[""und""]",,,,Super Meat Boy,,,khinsider_track_prominence_proxy,28.072512167650224,score_0_100,,,,71.2290048670601,,,,https://downloads.khinsider.com/game-soundtracks/album/super-meat-boy-forever-gamerip-2020,2026-10-05,Track title is taken from KHInsider's soundtrack/gamerip album index. Popularity is an explicitly labelled proxy based on BeatHit game rank and track prominence.,"{""culture_category"":""video_game_music"",""video_game"":""Super Meat Boy"",""game_rank"":1413,""game_association_kind"":""khinsider_game_soundtrack"",""khinsider_album_url"":""https://downloads.khinsider.com/game-soundtracks/album/super-meat-boy-forever-gamerip-2020"",""khinsider_album_title"":""Super Meat Boy Forever (super-meat-boy-forever-gamerip-2020)"",""khinsider_album_kind"":""official_or_gamerip"",""khinsider_album_match_score"":100.0,""relevance_score_100"":100.0,""popularity_score_100"":28.072512167650224,""score_100"":71.2290048670601,""popularity_basis"":""BeatHit master-list game rank plus track position proxy""}"
297,Track 82,Unknown credited artist,[],Super Meat Boy Forever (super-meat-boy-forever-gamerip-2020),,,"[""video game soundtrack""]","[""und""]",,,,Super Meat Boy,,,khinsider_track_prominence_proxy,27.862512167650223,score_0_100,,,,71.1450048670601,,,,https://downloads.khinsider.com/game-soundtracks/album/super-meat-boy-forever-gamerip-2020,2026-10-05,Track title is taken from KHInsider's soundtrack/gamerip album index. Popularity is an explicitly labelled proxy based on BeatHit game rank and track prominence.,"{""culture_category"":""video_game_music"",""video_game"":""Super Meat Boy"",""game_rank"":1413,""game_association_kind"":""khinsider_game_soundtrack"",""khinsider_album_url"":""https://downloads.khinsider.com/game-soundtracks/album/super-meat-boy-forever-gamerip-2020"",""khinsider_album_title"":""Super Meat Boy Forever (super-meat-boy-forever-gamerip-2020)"",""khinsider_album_kind"":""official_or_gamerip"",""khinsider_album_match_score"":100.0,""relevance_score_100"":100.0,""popularity_score_100"":27.862512167650223,""score_100"":71.1450048670601,""popularity_basis"":""BeatHit master-list game rank plus track position proxy""}"
298,Track 83,Unknown credited artist,[],Super Meat Boy Forever (super-meat-boy-forever-gamerip-2020),,,"[""video game soundtrack""]","[""und""]",,,,Super Meat Boy,,,khinsider_track_prominence_proxy,27.652512167650222,score_0_100,,,,71.06100486706009,,,,https://downloads.khinsider.com/game-soundtracks/album/super-meat-boy-forever-gamerip-2020,2026-10-05,Track title is taken from KHInsider's soundtrack/gamerip album index. Popularity is an explicitly labelled proxy based on BeatHit game rank and track prominence.,"{""culture_category"":""video_game_music"",""video_game"":""Super Meat Boy"",""game_rank"":1413,""game_association_kind"":""khinsider_game_soundtrack"",""khinsider_album_url"":""https://downloads.khinsider.com/game-soundtracks/album/super-meat-boy-forever-gamerip-2020"",""khinsider_album_title"":""Super Meat Boy Forever (super-meat-boy-forever-gamerip-2020)"",""khinsider_album_kind"":""official_or_gamerip"",""khinsider_album_match_score"":100.0,""relevance_score_100"":100.0,""popularity_score_100"":27.652512167650222,""score_100"":71.06100486706009,""popularity_basis"":""BeatHit master-list game rank plus track position proxy""}"
299,Round BGM 1,Unknown credited artist,[],Super Boy 3 (super-boy-3-msx),,,"[""video game soundtrack""]","[""und""]",,,,Super Meat Boy,,,khinsider_track_prominence_proxy,44.87251216765023,score_0_100,,,,71.04900486706009,,,,https://downloads.khinsider.com/game-soundtracks/album/super-boy-3-msx,2026-10-05,Track title is taken from KHInsider's soundtrack/gamerip album index. Popularity is an explicitly labelled proxy based on BeatHit game rank and track prominence.,"{""culture_category"":""video_game_music"",""video_game"":""Super Meat Boy"",""game_rank"":1413,""game_association_kind"":""khinsider_game_soundtrack"",""khinsider_album_url"":""https://downloads.khinsider.com/game-soundtracks/album/super-boy-3-msx"",""khinsider_album_title"":""Super Boy 3 (super-boy-3-msx)"",""khinsider_album_kind"":""unclassified_game_album"",""khinsider_album_match_score"":90.0,""relevance_score_100"":88.5,""popularity_score_100"":44.87251216765023,""score_100"":71.04900486706009,""popularity_basis"":""BeatHit master-list game rank plus track position proxy""}"
300,BGM 1,Unknown credited artist,[],Super Boy 4 (super-boy-4-master-system),,,"[""video game soundtrack""]","[""und""]",,,,Super Meat Boy,,,khinsider_track_prominence_proxy,44.87251216765023,score_0_100,,,,71.04900486706009,,,,https://downloads.khinsider.com/game-soundtracks/album/super-boy-4-master-system,2026-10-05,Track title is taken from KHInsider's soundtrack/gamerip album index. Popularity is an explicitly labelled proxy based on BeatHit game rank and track prominence.,"{""culture_category"":""video_game_music"",""video_game"":""Super Meat Boy"",""game_rank"":1413,""game_association_kind"":""khinsider_game_soundtrack"",""khinsider_album_url"":""https://downloads.khinsider.com/game-soundtracks/album/super-boy-4-master-system"",""khinsider_album_title"":""Super Boy 4 (super-boy-4-master-system)"",""khinsider_album_kind"":""unclassified_game_album"",""khinsider_album_match_score"":90.0,""relevance_score_100"":88.5,""popularity_score_100"":44.87251216765023,""score_100"":71.04900486706009,""popularity_basis"":""BeatHit master-list game rank plus track position proxy""}"
301,Track 84,Unknown credited artist,[],Super Meat Boy Forever (super-meat-boy-forever-gamerip-2020),,,"[""video game soundtrack""]","[""und""]",,,,Super Meat Boy,,,khinsider_track_prominence_proxy,27.44251216765023,score_0_100,,,,70.97700486706009,,,,https://downloads.khinsider.com/game-soundtracks/album/super-meat-boy-forever-gamerip-2020,2026-10-05,Track title is taken from KHInsider's soundtrack/gamerip album index. Popularity is an explicitly labelled proxy based on BeatHit game rank and track prominence.,"{""culture_category"":""video_game_music"",""video_game"":""Super Meat Boy"",""game_rank"":1413,""game_association_kind"":""khinsider_game_soundtrack"",""khinsider_album_url"":""https://downloads.khinsider.com/game-soundtracks/album/super-meat-boy-forever-gamerip-2020"",""khinsider_album_title"":""Super Meat Boy Forever (super-meat-boy-forever-gamerip-2020)"",""khinsider_album_kind"":""official_or_gamerip"",""khinsider_album_match_score"":100.0,""relevance_score_100"":100.0,""popularity_score_100"":27.44251216765023,""score_100"":70.97700486706009,""popularity_basis"":""BeatHit master-list game rank plus track position proxy""}"
302,Boss Theme,Unknown credited artist,[],Super Boy 3 (super-boy-3-msx),,,"[""video game soundtrack""]","[""und""]",,,,Super Meat Boy,,,khinsider_track_prominence_proxy,44.66251216765022,score_0_100,,,,70.96500486706009,,,,https://downloads.khinsider.com/game-soundtracks/album/super-boy-3-msx,2026-10-05,Track title is taken from KHInsider's soundtrack/gamerip album index. Popularity is an explicitly labelled proxy based on BeatHit game rank and track prominence.,"{""culture_category"":""video_game_music"",""video_game"":""Super Meat Boy"",""game_rank"":1413,""game_association_kind"":""khinsider_game_soundtrack"",""khinsider_album_url"":""https://downloads.khinsider.com/game-soundtracks/album/super-boy-3-msx"",""khinsider_album_title"":""Super Boy 3 (super-boy-3-msx)"",""khinsider_album_kind"":""unclassified_game_album"",""khinsider_album_match_score"":90.0,""relevance_score_100"":88.5,""popularity_score_100"":44.66251216765022,""score_100"":70.96500486706009,""popularity_basis"":""BeatHit master-list game rank plus track position proxy""}"
303,Invicibility,Unknown credited artist,[],Super Boy 4 (super-boy-4-master-system),,,"[""video game soundtrack""]","[""und""]",,,,Super Meat Boy,,,khinsider_track_prominence_proxy,44.66251216765022,score_0_100,,,,70.96500486706009,,,,https://downloads.khinsider.com/game-soundtracks/album/super-boy-4-master-system,2026-10-05,Track title is taken from KHInsider's soundtrack/gamerip album index. Popularity is an explicitly labelled proxy based on BeatHit game rank and track prominence.,"{""culture_category"":""video_game_music"",""video_game"":""Super Meat Boy"",""game_rank"":1413,""game_association_kind"":""khinsider_game_soundtrack"",""khinsider_album_url"":""https://downloads.khinsider.com/game-soundtracks/album/super-boy-4-master-system"",""khinsider_album_title"":""Super Boy 4 (super-boy-4-master-system)"",""khinsider_album_kind"":""unclassified_game_album"",""khinsider_album_match_score"":90.0,""relevance_score_100"":88.5,""popularity_score_100"":44.66251216765022,""score_100"":70.96500486706009,""popularity_basis"":""BeatHit master-list game rank plus track position proxy""}"
304,Track 85,Unknown credited artist,[],Super Meat Boy Forever (super-meat-boy-forever-gamerip-2020),,,"[""video game soundtrack""]","[""und""]",,,,Super Meat Boy,,,khinsider_track_prominence_proxy,27.232512167650228,score_0_100,,,,70.89300486706009,,,,https://downloads.khinsider.com/game-soundtracks/album/super-meat-boy-forever-gamerip-2020,2026-10-05,Track title is taken from KHInsider's soundtrack/gamerip album index. Popularity is an explicitly labelled proxy based on BeatHit game rank and track prominence.,"{""culture_category"":""video_game_music"",""video_game"":""Super Meat Boy"",""game_rank"":1413,""game_association_kind"":""khinsider_game_soundtrack"",""khinsider_album_url"":""https://downloads.khinsider.com/game-soundtracks/album/super-meat-boy-forever-gamerip-2020"",""khinsider_album_title"":""Super Meat Boy Forever (super-meat-boy-forever-gamerip-2020)"",""khinsider_album_kind"":""official_or_gamerip"",""khinsider_album_match_score"":100.0,""relevance_score_100"":100.0,""popularity_score_100"":27.232512167650228,""score_100"":70.89300486706009,""popularity_basis"":""BeatHit master-list game rank plus track position proxy""}"
305,Round Clear,Unknown credited artist,[],Super Boy 3 (super-boy-3-msx),,,"[""video game soundtrack""]","[""und""]",,,,Super Meat Boy,,,khinsider_track_prominence_proxy,44.45251216765023,score_0_100,,,,70.88100486706008,,,,https://downloads.khinsider.com/game-soundtracks/album/super-boy-3-msx,2026-10-05,Track title is taken from KHInsider's soundtrack/gamerip album index. Popularity is an explicitly labelled proxy based on BeatHit game rank and track prominence.,"{""culture_category"":""video_game_music"",""video_game"":""Super Meat Boy"",""game_rank"":1413,""game_association_kind"":""khinsider_game_soundtrack"",""khinsider_album_url"":""https://downloads.khinsider.com/game-soundtracks/album/super-boy-3-msx"",""khinsider_album_title"":""Super Boy 3 (super-boy-3-msx)"",""khinsider_album_kind"":""unclassified_game_album"",""khinsider_album_match_score"":90.0,""relevance_score_100"":88.5,""popularity_score_100"":44.45251216765023,""score_100"":70.88100486706008,""popularity_basis"":""BeatHit master-list game rank plus track position proxy""}"
306,Track 86,Unknown credited artist,[],Super Meat Boy Forever (super-meat-boy-forever-gamerip-2020),,,"[""video game soundtrack""]","[""und""]",,,,Super Meat Boy,,,khinsider_track_prominence_proxy,27.022512167650227,score_0_100,,,,70.8090048670601,,,,https://downloads.khinsider.com/game-soundtracks/album/super-meat-boy-forever-gamerip-2020,2026-10-05,Track title is taken from KHInsider's soundtrack/gamerip album index. Popularity is an explicitly labelled proxy based on BeatHit game rank and track prominence.,"{""culture_category"":""video_game_music"",""video_game"":""Super Meat Boy"",""game_rank"":1413,""game_association_kind"":""khinsider_game_soundtrack"",""khinsider_album_url"":""https://downloads.khinsider.com/game-soundtracks/album/super-meat-boy-forever-gamerip-2020"",""khinsider_album_title"":""Super Meat Boy Forever (super-meat-boy-forever-gamerip-2020)"",""khinsider_album_kind"":""official_or_gamerip"",""khinsider_album_match_score"":100.0,""relevance_score_100"":100.0,""popularity_score_100"":27.022512167650227,""score_100"":70.8090048670601,""popularity_basis"":""BeatHit master-list game rank plus track position proxy""}"
307,Round BGM 2,Unknown credited artist,[],Super Boy 3 (super-boy-3-msx),,,"[""video game soundtrack""]","[""und""]",,,,Super Meat Boy,,,khinsider_track_prominence_proxy,44.242512167650226,score_0_100,,,,70.7970048670601,,,,https://downloads.khinsider.com/game-soundtracks/album/super-boy-3-msx,2026-10-05,Track title is taken from KHInsider's soundtrack/gamerip album index. Popularity is an explicitly labelled proxy based on BeatHit game rank and track prominence.,"{""culture_category"":""video_game_music"",""video_game"":""Super Meat Boy"",""game_rank"":1413,""game_association_kind"":""khinsider_game_soundtrack"",""khinsider_album_url"":""https://downloads.khinsider.com/game-soundtracks/album/super-boy-3-msx"",""khinsider_album_title"":""Super Boy 3 (super-boy-3-msx)"",""khinsider_album_kind"":""unclassified_game_album"",""khinsider_album_match_score"":90.0,""relevance_score_100"":88.5,""popularity_score_100"":44.242512167650226,""score_100"":70.7970048670601,""popularity_basis"":""BeatHit master-list game rank plus track position proxy""}"
308,BGM 2,Unknown credited artist,[],Super Boy 4 (super-boy-4-master-system),,,"[""video game soundtrack""]","[""und""]",,,,Super Meat Boy,,,khinsider_track_prominence_proxy,44.242512167650226,score_0_100,,,,70.7970048670601,,,,https://downloads.khinsider.com/game-soundtracks/album/super-boy-4-master-system,2026-10-05,Track title is taken from KHInsider's soundtrack/gamerip album index. Popularity is an explicitly labelled proxy based on BeatHit game rank and track prominence.,"{""culture_category"":""video_game_music"",""video_game"":""Super Meat Boy"",""game_rank"":1413,""game_association_kind"":""khinsider_game_soundtrack"",""khinsider_album_url"":""https://downloads.khinsider.com/game-soundtracks/album/super-boy-4-master-system"",""khinsider_album_title"":""Super Boy 4 (super-boy-4-master-system)"",""khinsider_album_kind"":""unclassified_game_album"",""khinsider_album_match_score"":90.0,""relevance_score_100"":88.5,""popularity_score_100"":44.242512167650226,""score_100"":70.7970048670601,""popularity_basis"":""BeatHit master-list game rank plus track position proxy""}"
309,Track 87,Unknown credited artist,[],Super Meat Boy Forever (super-meat-boy-forever-gamerip-2020),,,"[""video game soundtrack""]","[""und""]",,,,Super Meat Boy,,,khinsider_track_prominence_proxy,26.812512167650226,score_0_100,,,,70.7250048670601,,,,https://downloads.khinsider.com/game-soundtracks/album/super-meat-boy-forever-gamerip-2020,2026-10-05,Track title is taken from KHInsider's soundtrack/gamerip album index. Popularity is an explicitly labelled proxy based on BeatHit game rank and track prominence.,"{""culture_category"":""video_game_music"",""video_game"":""Super Meat Boy"",""game_rank"":1413,""game_association_kind"":""khinsider_game_soundtrack"",""khinsider_album_url"":""https://downloads.khinsider.com/game-soundtracks/album/super-meat-boy-forever-gamerip-2020"",""khinsider_album_title"":""Super Meat Boy Forever (super-meat-boy-forever-gamerip-2020)"",""khinsider_album_kind"":""official_or_gamerip"",""khinsider_album_match_score"":100.0,""relevance_score_100"":100.0,""popularity_score_100"":26.812512167650226,""score_100"":70.7250048670601,""popularity_basis"":""BeatHit master-list game rank plus track position proxy""}"
310,Round BGM 3,Unknown credited artist,[],Super Boy 3 (super-boy-3-msx),,,"[""video game soundtrack""]","[""und""]",,,,Super Meat Boy,,,khinsider_track_prominence_proxy,44.032512167650225,score_0_100,,,,70.71300486706009,,,,https://downloads.khinsider.com/game-soundtracks/album/super-boy-3-msx,2026-10-05,Track title is taken from KHInsider's soundtrack/gamerip album index. Popularity is an explicitly labelled proxy based on BeatHit game rank and track prominence.,"{""culture_category"":""video_game_music"",""video_game"":""Super Meat Boy"",""game_rank"":1413,""game_association_kind"":""khinsider_game_soundtrack"",""khinsider_album_url"":""https://downloads.khinsider.com/game-soundtracks/album/super-boy-3-msx"",""khinsider_album_title"":""Super Boy 3 (super-boy-3-msx)"",""khinsider_album_kind"":""unclassified_game_album"",""khinsider_album_match_score"":90.0,""relevance_score_100"":88.5,""popularity_score_100"":44.032512167650225,""score_100"":70.71300486706009,""popularity_basis"":""BeatHit master-list game rank plus track position proxy""}"
311,BGM 3,Unknown credited artist,[],Super Boy 4 (super-boy-4-master-system),,,"[""video game soundtrack""]","[""und""]",,,,Super Meat Boy,,,khinsider_track_prominence_proxy,44.032512167650225,score_0_100,,,,70.71300486706009,,,,https://downloads.khinsider.com/game-soundtracks/album/super-boy-4-master-system,2026-10-05,Track title is taken from KHInsider's soundtrack/gamerip album index. Popularity is an explicitly labelled proxy based on BeatHit game rank and track prominence.,"{""culture_category"":""video_game_music"",""video_game"":""Super Meat Boy"",""game_rank"":1413,""game_association_kind"":""khinsider_game_soundtrack"",""khinsider_album_url"":""https://downloads.khinsider.com/game-soundtracks/album/super-boy-4-master-system"",""khinsider_album_title"":""Super Boy 4 (super-boy-4-master-system)"",""khinsider_album_kind"":""unclassified_game_album"",""khinsider_album_match_score"":90.0,""relevance_score_100"":88.5,""popularity_score_100"":44.032512167650225,""score_100"":70.71300486706009,""popularity_basis"":""BeatHit master-list game rank plus track position proxy""}"
312,Track 88,Unknown credited artist,[],Super Meat Boy Forever (super-meat-boy-forever-gamerip-2020),,,"[""video game soundtrack""]","[""und""]",,,,Super Meat Boy,,,khinsider_track_prominence_proxy,26.602512167650225,score_0_100,,,,70.64100486706009,,,,https://downloads.khinsider.com/game-soundtracks/album/super-meat-boy-forever-gamerip-2020,2026-10-05,Track title is taken from KHInsider's soundtrack/gamerip album index. Popularity is an explicitly labelled proxy based on BeatHit game rank and track prominence.,"{""culture_category"":""video_game_music"",""video_game"":""Super Meat Boy"",""game_rank"":1413,""game_association_kind"":""khinsider_game_soundtrack"",""khinsider_album_url"":""https://downloads.khinsider.com/game-soundtracks/album/super-meat-boy-forever-gamerip-2020"",""khinsider_album_title"":""Super Meat Boy Forever (super-meat-boy-forever-gamerip-2020)"",""khinsider_album_kind"":""official_or_gamerip"",""khinsider_album_match_score"":100.0,""relevance_score_100"":100.0,""popularity_score_100"":26.602512167650225,""score_100"":70.64100486706009,""popularity_basis"":""BeatHit master-list game rank plus track position proxy""}"
313,Round BGM 4,Unknown credited artist,[],Super Boy 3 (super-boy-3-msx),,,"[""video game soundtrack""]","[""und""]",,,,Super Meat Boy,,,khinsider_track_prominence_proxy,43.822512167650224,score_0_100,,,,70.62900486706009,,,,https://downloads.khinsider.com/game-soundtracks/album/super-boy-3-msx,2026-10-05,Track title is taken from KHInsider's soundtrack/gamerip album index. Popularity is an explicitly labelled proxy based on BeatHit game rank and track prominence.,"{""culture_category"":""video_game_music"",""video_game"":""Super Meat Boy"",""game_rank"":1413,""game_association_kind"":""khinsider_game_soundtrack"",""khinsider_album_url"":""https://downloads.khinsider.com/game-soundtracks/album/super-boy-3-msx"",""khinsider_album_title"":""Super Boy 3 (super-boy-3-msx)"",""khinsider_album_kind"":""unclassified_game_album"",""khinsider_album_match_score"":90.0,""relevance_score_100"":88.5,""popularity_score_100"":43.822512167650224,""score_100"":70.62900486706009,""popularity_basis"":""BeatHit master-list game rank plus track position proxy""}"
314,BGM 4,Unknown credited artist,[],Super Boy 4 (super-boy-4-master-system),,,"[""video game soundtrack""]","[""und""]",,,,Super Meat Boy,,,khinsider_track_prominence_proxy,43.822512167650224,score_0_100,,,,70.62900486706009,,,,https://downloads.khinsider.com/game-soundtracks/album/super-boy-4-master-system,2026-10-05,Track title is taken from KHInsider's soundtrack/gamerip album index. Popularity is an explicitly labelled proxy based on BeatHit game rank and track prominence.,"{""culture_category"":""video_game_music"",""video_game"":""Super Meat Boy"",""game_rank"":1413,""game_association_kind"":""khinsider_game_soundtrack"",""khinsider_album_url"":""https://downloads.khinsider.com/game-soundtracks/album/super-boy-4-master-system"",""khinsider_album_title"":""Super Boy 4 (super-boy-4-master-system)"",""khinsider_album_kind"":""unclassified_game_album"",""khinsider_album_match_score"":90.0,""relevance_score_100"":88.5,""popularity_score_100"":43.822512167650224,""score_100"":70.62900486706009,""popularity_basis"":""BeatHit master-list game rank plus track position proxy""}"
315,Track 89,Unknown credited artist,[],Super Meat Boy Forever (super-meat-boy-forever-gamerip-2020),,,"[""video game soundtrack""]","[""und""]",,,,Super Meat Boy,,,khinsider_track_prominence_proxy,26.392512167650224,score_0_100,,,,70.55700486706009,,,,https://downloads.khinsider.com/game-soundtracks/album/super-meat-boy-forever-gamerip-2020,2026-10-05,Track title is taken from KHInsider's soundtrack/gamerip album index. Popularity is an explicitly labelled proxy based on BeatHit game rank and track prominence.,"{""culture_category"":""video_game_music"",""video_game"":""Super Meat Boy"",""game_rank"":1413,""game_association_kind"":""khinsider_game_soundtrack"",""khinsider_album_url"":""https://downloads.khinsider.com/game-soundtracks/album/super-meat-boy-forever-gamerip-2020"",""khinsider_album_title"":""Super Meat Boy Forever (super-meat-boy-forever-gamerip-2020)"",""khinsider_album_kind"":""official_or_gamerip"",""khinsider_album_match_score"":100.0,""relevance_score_100"":100.0,""popularity_score_100"":26.392512167650224,""score_100"":70.55700486706009,""popularity_basis"":""BeatHit master-list game rank plus track position proxy""}"
316,Round BGM 5,Unknown credited artist,[],Super Boy 3 (super-boy-3-msx),,,"[""video game soundtrack""]","[""und""]",,,,Super Meat Boy,,,khinsider_track_prominence_proxy,43.61251216765022,score_0_100,,,,70.54500486706009,,,,https://downloads.khinsider.com/game-soundtracks/album/super-boy-3-msx,2026-10-05,Track title is taken from KHInsider's soundtrack/gamerip album index. Popularity is an explicitly labelled proxy based on BeatHit game rank and track prominence.,"{""culture_category"":""video_game_music"",""video_game"":""Super Meat Boy"",""game_rank"":1413,""game_association_kind"":""khinsider_game_soundtrack"",""khinsider_album_url"":""https://downloads.khinsider.com/game-soundtracks/album/super-boy-3-msx"",""khinsider_album_title"":""Super Boy 3 (super-boy-3-msx)"",""khinsider_album_kind"":""unclassified_game_album"",""khinsider_album_match_score"":90.0,""relevance_score_100"":88.5,""popularity_score_100"":43.61251216765022,""score_100"":70.54500486706009,""popularity_basis"":""BeatHit master-list game rank plus track position proxy""}"
317,BGM 5,Unknown credited artist,[],Super Boy 4 (super-boy-4-master-system),,,"[""video game soundtrack""]","[""und""]",,,,Super Meat Boy,,,khinsider_track_prominence_proxy,43.61251216765022,score_0_100,,,,70.54500486706009,,,,https://downloads.khinsider.com/game-soundtracks/album/super-boy-4-master-system,2026-10-05,Track title is taken from KHInsider's soundtrack/gamerip album index. Popularity is an explicitly labelled proxy based on BeatHit game rank and track prominence.,"{""culture_category"":""video_game_music"",""video_game"":""Super Meat Boy"",""game_rank"":1413,""game_association_kind"":""khinsider_game_soundtrack"",""khinsider_album_url"":""https://downloads.khinsider.com/game-soundtracks/album/super-boy-4-master-system"",""khinsider_album_title"":""Super Boy 4 (super-boy-4-master-system)"",""khinsider_album_kind"":""unclassified_game_album"",""khinsider_album_match_score"":90.0,""relevance_score_100"":88.5,""popularity_score_100"":43.61251216765022,""score_100"":70.54500486706009,""popularity_basis"":""BeatHit master-list game rank plus track position proxy""}"
318,Track 90,Unknown credited artist,[],Super Meat Boy Forever (super-meat-boy-forever-gamerip-2020),,,"[""video game soundtrack""]","[""und""]",,,,Super Meat Boy,,,khinsider_track_prominence_proxy,26.182512167650223,score_0_100,,,,70.4730048670601,,,,https://downloads.khinsider.com/game-soundtracks/album/super-meat-boy-forever-gamerip-2020,2026-10-05,Track title is taken from KHInsider's soundtrack/gamerip album index. Popularity is an explicitly labelled proxy based on BeatHit game rank and track prominence.,"{""culture_category"":""video_game_music"",""video_game"":""Super Meat Boy"",""game_rank"":1413,""game_association_kind"":""khinsider_game_soundtrack"",""khinsider_album_url"":""https://downloads.khinsider.com/game-soundtracks/album/super-meat-boy-forever-gamerip-2020"",""khinsider_album_title"":""Super Meat Boy Forever (super-meat-boy-forever-gamerip-2020)"",""khinsider_album_kind"":""official_or_gamerip"",""khinsider_album_match_score"":100.0,""relevance_score_100"":100.0,""popularity_score_100"":26.182512167650223,""score_100"":70.4730048670601,""popularity_basis"":""BeatHit master-list game rank plus track position proxy""}"
319,Ending,Unknown credited artist,[],Super Boy 3 (super-boy-3-msx),,,"[""video game soundtrack""]","[""und""]",,,,Super Meat Boy,,,khinsider_track_prominence_proxy,43.40251216765022,score_0_100,,,,70.4610048670601,,,,https://downloads.khinsider.com/game-soundtracks/album/super-boy-3-msx,2026-10-05,Track title is taken from KHInsider's soundtrack/gamerip album index. Popularity is an explicitly labelled proxy based on BeatHit game rank and track prominence.,"{""culture_category"":""video_game_music"",""video_game"":""Super Meat Boy"",""game_rank"":1413,""game_association_kind"":""khinsider_game_soundtrack"",""khinsider_album_url"":""https://downloads.khinsider.com/game-soundtracks/album/super-boy-3-msx"",""khinsider_album_title"":""Super Boy 3 (super-boy-3-msx)"",""khinsider_album_kind"":""unclassified_game_album"",""khinsider_album_match_score"":90.0,""relevance_score_100"":88.5,""popularity_score_100"":43.40251216765022,""score_100"":70.4610048670601,""popularity_basis"":""BeatHit master-list game rank plus track position proxy""}"
320,BGM 6,Unknown credited artist,[],Super Boy 4 (super-boy-4-master-system),,,"[""video game soundtrack""]","[""und""]",,,,Super Meat Boy,,,khinsider_track_prominence_proxy,43.40251216765022,score_0_100,,,,70.4610048670601,,,,https://downloads.khinsider.com/game-soundtracks/album/super-boy-4-master-system,2026-10-05,Track title is taken from KHInsider's soundtrack/gamerip album index. Popularity is an explicitly labelled proxy based on BeatHit game rank and track prominence.,"{""culture_category"":""video_game_music"",""video_game"":""Super Meat Boy"",""game_rank"":1413,""game_association_kind"":""khinsider_game_soundtrack"",""khinsider_album_url"":""https://downloads.khinsider.com/game-soundtracks/album/super-boy-4-master-system"",""khinsider_album_title"":""Super Boy 4 (super-boy-4-master-system)"",""khinsider_album_kind"":""unclassified_game_album"",""khinsider_album_match_score"":90.0,""relevance_score_100"":88.5,""popularity_score_100"":43.40251216765022,""score_100"":70.4610048670601,""popularity_basis"":""BeatHit master-list game rank plus track position proxy""}"
321,Track 91,Unknown credited artist,[],Super Meat Boy Forever (super-meat-boy-forever-gamerip-2020),,,"[""video game soundtrack""]","[""und""]",,,,Super Meat Boy,,,khinsider_track_prominence_proxy,25.972512167650226,score_0_100,,,,70.3890048670601,,,,https://downloads.khinsider.com/game-soundtracks/album/super-meat-boy-forever-gamerip-2020,2026-10-05,Track title is taken from KHInsider's soundtrack/gamerip album index. Popularity is an explicitly labelled proxy based on BeatHit game rank and track prominence.,"{""culture_category"":""video_game_music"",""video_game"":""Super Meat Boy"",""game_rank"":1413,""game_association_kind"":""khinsider_game_soundtrack"",""khinsider_album_url"":""https://downloads.khinsider.com/game-soundtracks/album/super-meat-boy-forever-gamerip-2020"",""khinsider_album_title"":""Super Meat Boy Forever (super-meat-boy-forever-gamerip-2020)"",""khinsider_album_kind"":""official_or_gamerip"",""khinsider_album_match_score"":100.0,""relevance_score_100"":100.0,""popularity_score_100"":25.972512167650226,""score_100"":70.3890048670601,""popularity_basis"":""BeatHit master-list game rank plus track position proxy""}"
322,Invincible,Unknown credited artist,[],Super Boy 3 (super-boy-3-msx),,,"[""video game soundtrack""]","[""und""]",,,,Super Meat Boy,,,khinsider_track_prominence_proxy,43.19251216765022,score_0_100,,,,70.3770048670601,,,,https://downloads.khinsider.com/game-soundtracks/album/super-boy-3-msx,2026-10-05,Track title is taken from KHInsider's soundtrack/gamerip album index. Popularity is an explicitly labelled proxy based on BeatHit game rank and track prominence.,"{""culture_category"":""video_game_music"",""video_game"":""Super Meat Boy"",""game_rank"":1413,""game_association_kind"":""khinsider_game_soundtrack"",""khinsider_album_url"":""https://downloads.khinsider.com/game-soundtracks/album/super-boy-3-msx"",""khinsider_album_title"":""Super Boy 3 (super-boy-3-msx)"",""khinsider_album_kind"":""unclassified_game_album"",""khinsider_album_match_score"":90.0,""relevance_score_100"":88.5,""popularity_score_100"":43.19251216765022,""score_100"":70.3770048670601,""popularity_basis"":""BeatHit master-list game rank plus track position proxy""}"
323,BGM 7,Unknown credited artist,[],Super Boy 4 (super-boy-4-master-system),,,"[""video game soundtrack""]","[""und""]",,,,Super Meat Boy,,,khinsider_track_prominence_proxy,43.19251216765022,score_0_100,,,,70.3770048670601,,,,https://downloads.khinsider.com/game-soundtracks/album/super-boy-4-master-system,2026-10-05,Track title is taken from KHInsider's soundtrack/gamerip album index. Popularity is an explicitly labelled proxy based on BeatHit game rank and track prominence.,"{""culture_category"":""video_game_music"",""video_game"":""Super Meat Boy"",""game_rank"":1413,""game_association_kind"":""khinsider_game_soundtrack"",""khinsider_album_url"":""https://downloads.khinsider.com/game-soundtracks/album/super-boy-4-master-system"",""khinsider_album_title"":""Super Boy 4 (super-boy-4-master-system)"",""khinsider_album_kind"":""unclassified_game_album"",""khinsider_album_match_score"":90.0,""relevance_score_100"":88.5,""popularity_score_100"":43.19251216765022,""score_100"":70.3770048670601,""popularity_basis"":""BeatHit master-list game rank plus track position proxy""}"
324,Track 92,Unknown credited artist,[],Super Meat Boy Forever (super-meat-boy-forever-gamerip-2020),,,"[""video game soundtrack""]","[""und""]",,,,Super Meat Boy,,,khinsider_track_prominence_proxy,25.762512167650225,score_0_100,,,,70.30500486706009,,,,https://downloads.khinsider.com/game-soundtracks/album/super-meat-boy-forever-gamerip-2020,2026-10-05,Track title is taken from KHInsider's soundtrack/gamerip album index. Popularity is an explicitly labelled proxy based on BeatHit game rank and track prominence.,"{""culture_category"":""video_game_music"",""video_game"":""Super Meat Boy"",""game_rank"":1413,""game_association_kind"":""khinsider_game_soundtrack"",""khinsider_album_url"":""https://downloads.khinsider.com/game-soundtracks/album/super-meat-boy-forever-gamerip-2020"",""khinsider_album_title"":""Super Meat Boy Forever (super-meat-boy-forever-gamerip-2020)"",""khinsider_album_kind"":""official_or_gamerip"",""khinsider_album_match_score"":100.0,""relevance_score_100"":100.0,""popularity_score_100"":25.762512167650225,""score_100"":70.30500486706009,""popularity_basis"":""BeatHit master-list game rank plus track position proxy""}"
325,Miss,Unknown credited artist,[],Super Boy 3 (super-boy-3-msx),,,"[""video game soundtrack""]","[""und""]",,,,Super Meat Boy,,,khinsider_track_prominence_proxy,42.98251216765023,score_0_100,,,,70.29300486706009,,,,https://downloads.khinsider.com/game-soundtracks/album/super-boy-3-msx,2026-10-05,Track title is taken from KHInsider's soundtrack/gamerip album index. Popularity is an explicitly labelled proxy based on BeatHit game rank and track prominence.,"{""culture_category"":""video_game_music"",""video_game"":""Super Meat Boy"",""game_rank"":1413,""game_association_kind"":""khinsider_game_soundtrack"",""khinsider_album_url"":""https://downloads.khinsider.com/game-soundtracks/album/super-boy-3-msx"",""khinsider_album_title"":""Super Boy 3 (super-boy-3-msx)"",""khinsider_album_kind"":""unclassified_game_album"",""khinsider_album_match_score"":90.0,""relevance_score_100"":88.5,""popularity_score_100"":42.98251216765023,""score_100"":70.29300486706009,""popularity_basis"":""BeatHit master-list game rank plus track position proxy""}"
326,Death,Unknown credited artist,[],Super Boy 4 (super-boy-4-master-system),,,"[""video game soundtrack""]","[""und""]",,,,Super Meat Boy,,,khinsider_track_prominence_proxy,42.98251216765023,score_0_100,,,,70.29300486706009,,,,https://downloads.khinsider.com/game-soundtracks/album/super-boy-4-master-system,2026-10-05,Track title is taken from KHInsider's soundtrack/gamerip album index. Popularity is an explicitly labelled proxy based on BeatHit game rank and track prominence.,"{""culture_category"":""video_game_music"",""video_game"":""Super Meat Boy"",""game_rank"":1413,""game_association_kind"":""khinsider_game_soundtrack"",""khinsider_album_url"":""https://downloads.khinsider.com/game-soundtracks/album/super-boy-4-master-system"",""khinsider_album_title"":""Super Boy 4 (super-boy-4-master-system)"",""khinsider_album_kind"":""unclassified_game_album"",""khinsider_album_match_score"":90.0,""relevance_score_100"":88.5,""popularity_score_100"":42.98251216765023,""score_100"":70.29300486706009,""popularity_basis"":""BeatHit master-list game rank plus track position proxy""}"
327,Track 93,Unknown credited artist,[],Super Meat Boy Forever (super-meat-boy-forever-gamerip-2020),,,"[""video game soundtrack""]","[""und""]",,,,Super Meat Boy,,,khinsider_track_prominence_proxy,25.552512167650228,score_0_100,,,,70.22100486706009,,,,https://downloads.khinsider.com/game-soundtracks/album/super-meat-boy-forever-gamerip-2020,2026-10-05,Track title is taken from KHInsider's soundtrack/gamerip album index. Popularity is an explicitly labelled proxy based on BeatHit game rank and track prominence.,"{""culture_category"":""video_game_music"",""video_game"":""Super Meat Boy"",""game_rank"":1413,""game_association_kind"":""khinsider_game_soundtrack"",""khinsider_album_url"":""https://downloads.khinsider.com/game-soundtracks/album/super-meat-boy-forever-gamerip-2020"",""khinsider_album_title"":""Super Meat Boy Forever (super-meat-boy-forever-gamerip-2020)"",""khinsider_album_kind"":""official_or_gamerip"",""khinsider_album_match_score"":100.0,""relevance_score_100"":100.0,""popularity_score_100"":25.552512167650228,""score_100"":70.22100486706009,""popularity_basis"":""BeatHit master-list game rank plus track position proxy""}"
328,Game Over,Unknown credited artist,[],Super Boy 3 (super-boy-3-msx),,,"[""video game soundtrack""]","[""und""]",,,,Super Meat Boy,,,khinsider_track_prominence_proxy,42.77251216765022,score_0_100,,,,70.20900486706009,,,,https://downloads.khinsider.com/game-soundtracks/album/super-boy-3-msx,2026-10-05,Track title is taken from KHInsider's soundtrack/gamerip album index. Popularity is an explicitly labelled proxy based on BeatHit game rank and track prominence.,"{""culture_category"":""video_game_music"",""video_game"":""Super Meat Boy"",""game_rank"":1413,""game_association_kind"":""khinsider_game_soundtrack"",""khinsider_album_url"":""https://downloads.khinsider.com/game-soundtracks/album/super-boy-3-msx"",""khinsider_album_title"":""Super Boy 3 (super-boy-3-msx)"",""khinsider_album_kind"":""unclassified_game_album"",""khinsider_album_match_score"":90.0,""relevance_score_100"":88.5,""popularity_score_100"":42.77251216765022,""score_100"":70.20900486706009,""popularity_basis"":""BeatHit master-list game rank plus track position proxy""}"
329,Track 94,Unknown credited artist,[],Super Meat Boy Forever (super-meat-boy-forever-gamerip-2020),,,"[""video game soundtrack""]","[""und""]",,,,Super Meat Boy,,,khinsider_track_prominence_proxy,25.342512167650227,score_0_100,,,,70.13700486706009,,,,https://downloads.khinsider.com/game-soundtracks/album/super-meat-boy-forever-gamerip-2020,2026-10-05,Track title is taken from KHInsider's soundtrack/gamerip album index. Popularity is an explicitly labelled proxy based on BeatHit game rank and track prominence.,"{""culture_category"":""video_game_music"",""video_game"":""Super Meat Boy"",""game_rank"":1413,""game_association_kind"":""khinsider_game_soundtrack"",""khinsider_album_url"":""https://downloads.khinsider.com/game-soundtracks/album/super-meat-boy-forever-gamerip-2020"",""khinsider_album_title"":""Super Meat Boy Forever (super-meat-boy-forever-gamerip-2020)"",""khinsider_album_kind"":""official_or_gamerip"",""khinsider_album_match_score"":100.0,""relevance_score_100"":100.0,""popularity_score_100"":25.342512167650227,""score_100"":70.13700486706009,""popularity_basis"":""BeatHit master-list game rank plus track position proxy""}"
330,Unused 1,Unknown credited artist,[],Super Boy 3 (super-boy-3-msx),,,"[""video game soundtrack""]","[""und""]",,,,Super Meat Boy,,,khinsider_track_prominence_proxy,42.562512167650226,score_0_100,,,,70.12500486706008,,,,https://downloads.khinsider.com/game-soundtracks/album/super-boy-3-msx,2026-10-05,Track title is taken from KHInsider's soundtrack/gamerip album index. Popularity is an explicitly labelled proxy based on BeatHit game rank and track prominence.,"{""culture_category"":""video_game_music"",""video_game"":""Super Meat Boy"",""game_rank"":1413,""game_association_kind"":""khinsider_game_soundtrack"",""khinsider_album_url"":""https://downloads.khinsider.com/game-soundtracks/album/super-boy-3-msx"",""khinsider_album_title"":""Super Boy 3 (super-boy-3-msx)"",""khinsider_album_kind"":""unclassified_game_album"",""khinsider_album_match_score"":90.0,""relevance_score_100"":88.5,""popularity_score_100"":42.562512167650226,""score_100"":70.12500486706008,""popularity_basis"":""BeatHit master-list game rank plus track position proxy""}"
331,Track 95,Unknown credited artist,[],Super Meat Boy Forever (super-meat-boy-forever-gamerip-2020),,,"[""video game soundtrack""]","[""und""]",,,,Super Meat Boy,,,khinsider_track_prominence_proxy,25.132512167650226,score_0_100,,,,70.0530048670601,,,,https://downloads.khinsider.com/game-soundtracks/album/super-meat-boy-forever-gamerip-2020,2026-10-05,Track title is taken from KHInsider's soundtrack/gamerip album index. Popularity is an explicitly labelled proxy based on BeatHit game rank and track prominence.,"{""culture_category"":""video_game_music"",""video_game"":""Super Meat Boy"",""game_rank"":1413,""game_association_kind"":""khinsider_game_soundtrack"",""khinsider_album_url"":""https://downloads.khinsider.com/game-soundtracks/album/super-meat-boy-forever-gamerip-2020"",""khinsider_album_title"":""Super Meat Boy Forever (super-meat-boy-forever-gamerip-2020)"",""khinsider_album_kind"":""official_or_gamerip"",""khinsider_album_match_score"":100.0,""relevance_score_100"":100.0,""popularity_score_100"":25.132512167650226,""score_100"":70.0530048670601,""popularity_basis"":""BeatHit master-list game rank plus track position proxy""}"
332,Unused 2,Unknown credited artist,[],Super Boy 3 (super-boy-3-msx),,,"[""video game soundtrack""]","[""und""]",,,,Super Meat Boy,,,khinsider_track_prominence_proxy,42.35251216765022,score_0_100,,,,70.04100486706008,,,,https://downloads.khinsider.com/game-soundtracks/album/super-boy-3-msx,2026-10-05,Track title is taken from KHInsider's soundtrack/gamerip album index. Popularity is an explicitly labelled proxy based on BeatHit game rank and track prominence.,"{""culture_category"":""video_game_music"",""video_game"":""Super Meat Boy"",""game_rank"":1413,""game_association_kind"":""khinsider_game_soundtrack"",""khinsider_album_url"":""https://downloads.khinsider.com/game-soundtracks/album/super-boy-3-msx"",""khinsider_album_title"":""Super Boy 3 (super-boy-3-msx)"",""khinsider_album_kind"":""unclassified_game_album"",""khinsider_album_match_score"":90.0,""relevance_score_100"":88.5,""popularity_score_100"":42.35251216765022,""score_100"":70.04100486706008,""popularity_basis"":""BeatHit master-list game rank plus track position proxy""}"
333,Track 96,Unknown credited artist,[],Super Meat Boy Forever (super-meat-boy-forever-gamerip-2020),,,"[""video game soundtrack""]","[""und""]",,,,Super Meat Boy,,,khinsider_track_prominence_proxy,24.922512167650225,score_0_100,,,,69.9690048670601,,,,https://downloads.khinsider.com/game-soundtracks/album/super-meat-boy-forever-gamerip-2020,2026-10-05,Track title is taken from KHInsider's soundtrack/gamerip album index. Popularity is an explicitly labelled proxy based on BeatHit game rank and track prominence.,"{""culture_category"":""video_game_music"",""video_game"":""Super Meat Boy"",""game_rank"":1413,""game_association_kind"":""khinsider_game_soundtrack"",""khinsider_album_url"":""https://downloads.khinsider.com/game-soundtracks/album/super-meat-boy-forever-gamerip-2020"",""khinsider_album_title"":""Super Meat Boy Forever (super-meat-boy-forever-gamerip-2020)"",""khinsider_album_kind"":""official_or_gamerip"",""khinsider_album_match_score"":100.0,""relevance_score_100"":100.0,""popularity_score_100"":24.922512167650225,""score_100"":69.9690048670601,""popularity_basis"":""BeatHit master-list game rank plus track position proxy""}"
334,Konami Pause SFX,Unknown credited artist,[],Super Boy 3 (super-boy-3-msx),,,"[""video game soundtrack""]","[""und""]",,,,Super Meat Boy,,,khinsider_track_prominence_proxy,42.142512167650224,score_0_100,,,,69.95700486706009,,,,https://downloads.khinsider.com/game-soundtracks/album/super-boy-3-msx,2026-10-05,Track title is taken from KHInsider's soundtrack/gamerip album index. Popularity is an explicitly labelled proxy based on BeatHit game rank and track prominence.,"{""culture_category"":""video_game_music"",""video_game"":""Super Meat Boy"",""game_rank"":1413,""game_association_kind"":""khinsider_game_soundtrack"",""khinsider_album_url"":""https://downloads.khinsider.com/game-soundtracks/album/super-boy-3-msx"",""khinsider_album_title"":""Super Boy 3 (super-boy-3-msx)"",""khinsider_album_kind"":""unclassified_game_album"",""khinsider_album_match_score"":90.0,""relevance_score_100"":88.5,""popularity_score_100"":42.142512167650224,""score_100"":69.95700486706009,""popularity_basis"":""BeatHit master-list game rank plus track position proxy""}"
335,Track 97,Unknown credited artist,[],Super Meat Boy Forever (super-meat-boy-forever-gamerip-2020),,,"[""video game soundtrack""]","[""und""]",,,,Super Meat Boy,,,khinsider_track_prominence_proxy,24.712512167650228,score_0_100,,,,69.88500486706009,,,,https://downloads.khinsider.com/game-soundtracks/album/super-meat-boy-forever-gamerip-2020,2026-10-05,Track title is taken from KHInsider's soundtrack/gamerip album index. Popularity is an explicitly labelled proxy based on BeatHit game rank and track prominence.,"{""culture_category"":""video_game_music"",""video_game"":""Super Meat Boy"",""game_rank"":1413,""game_association_kind"":""khinsider_game_soundtrack"",""khinsider_album_url"":""https://downloads.khinsider.com/game-soundtracks/album/super-meat-boy-forever-gamerip-2020"",""khinsider_album_title"":""Super Meat Boy Forever (super-meat-boy-forever-gamerip-2020)"",""khinsider_album_kind"":""official_or_gamerip"",""khinsider_album_match_score"":100.0,""relevance_score_100"":100.0,""popularity_score_100"":24.712512167650228,""score_100"":69.88500486706009,""popularity_basis"":""BeatHit master-list game rank plus track position proxy""}"
336,Track 98,Unknown credited artist,[],Super Meat Boy Forever (super-meat-boy-forever-gamerip-2020),,,"[""video game soundtrack""]","[""und""]",,,,Super Meat Boy,,,khinsider_track_prominence_proxy,24.502512167650227,score_0_100,,,,69.80100486706009,,,,https://downloads.khinsider.com/game-soundtracks/album/super-meat-boy-forever-gamerip-2020,2026-10-05,Track title is taken from KHInsider's soundtrack/gamerip album index. Popularity is an explicitly labelled proxy based on BeatHit game rank and track prominence.,"{""culture_category"":""video_game_music"",""video_game"":""Super Meat Boy"",""game_rank"":1413,""game_association_kind"":""khinsider_game_soundtrack"",""khinsider_album_url"":""https://downloads.khinsider.com/game-soundtracks/album/super-meat-boy-forever-gamerip-2020"",""khinsider_album_title"":""Super Meat Boy Forever (super-meat-boy-forever-gamerip-2020)"",""khinsider_album_kind"":""official_or_gamerip"",""khinsider_album_match_score"":100.0,""relevance_score_100"":100.0,""popularity_score_100"":24.502512167650227,""score_100"":69.80100486706009,""popularity_basis"":""BeatHit master-list game rank plus track position proxy""}"
337,Track 99,Unknown credited artist,[],Super Meat Boy Forever (super-meat-boy-forever-gamerip-2020),,,"[""video game soundtrack""]","[""und""]",,,,Super Meat Boy,,,khinsider_track_prominence_proxy,24.292512167650226,score_0_100,,,,69.7170048670601,,,,https://downloads.khinsider.com/game-soundtracks/album/super-meat-boy-forever-gamerip-2020,2026-10-05,Track title is taken from KHInsider's soundtrack/gamerip album index. Popularity is an explicitly labelled proxy based on BeatHit game rank and track prominence.,"{""culture_category"":""video_game_music"",""video_game"":""Super Meat Boy"",""game_rank"":1413,""game_association_kind"":""khinsider_game_soundtrack"",""khinsider_album_url"":""https://downloads.khinsider.com/game-soundtracks/album/super-meat-boy-forever-gamerip-2020"",""khinsider_album_title"":""Super Meat Boy Forever (super-meat-boy-forever-gamerip-2020)"",""khinsider_album_kind"":""official_or_gamerip"",""khinsider_album_match_score"":100.0,""relevance_score_100"":100.0,""popularity_score_100"":24.292512167650226,""score_100"":69.7170048670601,""popularity_basis"":""BeatHit master-list game rank plus track position proxy""}"
338,Track 100,Unknown credited artist,[],Super Meat Boy Forever (super-meat-boy-forever-gamerip-2020),,,"[""video game soundtrack""]","[""und""]",,,,Super Meat Boy,,,khinsider_track_prominence_proxy,24.082512167650226,score_0_100,,,,69.6330048670601,,,,https://downloads.khinsider.com/game-soundtracks/album/super-meat-boy-forever-gamerip-2020,2026-10-05,Track title is taken from KHInsider's soundtrack/gamerip album index. Popularity is an explicitly labelled proxy based on BeatHit game rank and track prominence.,"{""culture_category"":""video_game_music"",""video_game"":""Super Meat Boy"",""game_rank"":1413,""game_association_kind"":""khinsider_game_soundtrack"",""khinsider_album_url"":""https://downloads.khinsider.com/game-soundtracks/album/super-meat-boy-forever-gamerip-2020"",""khinsider_album_title"":""Super Meat Boy Forever (super-meat-boy-forever-gamerip-2020)"",""khinsider_album_kind"":""official_or_gamerip"",""khinsider_album_match_score"":100.0,""relevance_score_100"":100.0,""popularity_score_100"":24.082512167650226,""score_100"":69.6330048670601,""popularity_basis"":""BeatHit master-list game rank plus track position proxy""}"
339,Track 101,Unknown credited artist,[],Super Meat Boy Forever (super-meat-boy-forever-gamerip-2020),,,"[""video game soundtrack""]","[""und""]",,,,Super Meat Boy,,,khinsider_track_prominence_proxy,24.082512167650226,score_0_100,,,,69.6330048670601,,,,https://downloads.khinsider.com/game-soundtracks/album/super-meat-boy-forever-gamerip-2020,2026-10-05,Track title is taken from KHInsider's soundtrack/gamerip album index. Popularity is an explicitly labelled proxy based on BeatHit game rank and track prominence.,"{""culture_category"":""video_game_music"",""video_game"":""Super Meat Boy"",""game_rank"":1413,""game_association_kind"":""khinsider_game_soundtrack"",""khinsider_album_url"":""https://downloads.khinsider.com/game-soundtracks/album/super-meat-boy-forever-gamerip-2020"",""khinsider_album_title"":""Super Meat Boy Forever (super-meat-boy-forever-gamerip-2020)"",""khinsider_album_kind"":""official_or_gamerip"",""khinsider_album_match_score"":100.0,""relevance_score_100"":100.0,""popularity_score_100"":24.082512167650226,""score_100"":69.6330048670601,""popularity_basis"":""BeatHit master-list game rank plus track position proxy""}"
340,Track 102,Unknown credited artist,[],Super Meat Boy Forever (super-meat-boy-forever-gamerip-2020),,,"[""video game soundtrack""]","[""und""]",,,,Super Meat Boy,,,khinsider_track_prominence_proxy,24.082512167650226,score_0_100,,,,69.6330048670601,,,,https://downloads.khinsider.com/game-soundtracks/album/super-meat-boy-forever-gamerip-2020,2026-10-05,Track title is taken from KHInsider's soundtrack/gamerip album index. Popularity is an explicitly labelled proxy based on BeatHit game rank and track prominence.,"{""culture_category"":""video_game_music"",""video_game"":""Super Meat Boy"",""game_rank"":1413,""game_association_kind"":""khinsider_game_soundtrack"",""khinsider_album_url"":""https://downloads.khinsider.com/game-soundtracks/album/super-meat-boy-forever-gamerip-2020"",""khinsider_album_title"":""Super Meat Boy Forever (super-meat-boy-forever-gamerip-2020)"",""khinsider_album_kind"":""official_or_gamerip"",""khinsider_album_match_score"":100.0,""relevance_score_100"":100.0,""popularity_score_100"":24.082512167650226,""score_100"":69.6330048670601,""popularity_basis"":""BeatHit master-list game rank plus track position proxy""}"
341,Track 103,Unknown credited artist,[],Super Meat Boy Forever (super-meat-boy-forever-gamerip-2020),,,"[""video game soundtrack""]","[""und""]",,,,Super Meat Boy,,,khinsider_track_prominence_proxy,24.082512167650226,score_0_100,,,,69.6330048670601,,,,https://downloads.khinsider.com/game-soundtracks/album/super-meat-boy-forever-gamerip-2020,2026-10-05,Track title is taken from KHInsider's soundtrack/gamerip album index. Popularity is an explicitly labelled proxy based on BeatHit game rank and track prominence.,"{""culture_category"":""video_game_music"",""video_game"":""Super Meat Boy"",""game_rank"":1413,""game_association_kind"":""khinsider_game_soundtrack"",""khinsider_album_url"":""https://downloads.khinsider.com/game-soundtracks/album/super-meat-boy-forever-gamerip-2020"",""khinsider_album_title"":""Super Meat Boy Forever (super-meat-boy-forever-gamerip-2020)"",""khinsider_album_kind"":""official_or_gamerip"",""khinsider_album_match_score"":100.0,""relevance_score_100"":100.0,""popularity_score_100"":24.082512167650226,""score_100"":69.6330048670601,""popularity_basis"":""BeatHit master-list game rank plus track position proxy""}"
342,Track 104,Unknown credited artist,[],Super Meat Boy Forever (super-meat-boy-forever-gamerip-2020),,,"[""video game soundtrack""]","[""und""]",,,,Super Meat Boy,,,khinsider_track_prominence_proxy,24.082512167650226,score_0_100,,,,69.6330048670601,,,,https://downloads.khinsider.com/game-soundtracks/album/super-meat-boy-forever-gamerip-2020,2026-10-05,Track title is taken from KHInsider's soundtrack/gamerip album index. Popularity is an explicitly labelled proxy based on BeatHit game rank and track prominence.,"{""culture_category"":""video_game_music"",""video_game"":""Super Meat Boy"",""game_rank"":1413,""game_association_kind"":""khinsider_game_soundtrack"",""khinsider_album_url"":""https://downloads.khinsider.com/game-soundtracks/album/super-meat-boy-forever-gamerip-2020"",""khinsider_album_title"":""Super Meat Boy Forever (super-meat-boy-forever-gamerip-2020)"",""khinsider_album_kind"":""official_or_gamerip"",""khinsider_album_match_score"":100.0,""relevance_score_100"":100.0,""popularity_score_100"":24.082512167650226,""score_100"":69.6330048670601,""popularity_basis"":""BeatHit master-list game rank plus track position proxy""}"
343,Track 105,Unknown credited artist,[],Super Meat Boy Forever (super-meat-boy-forever-gamerip-2020),,,"[""video game soundtrack""]","[""und""]",,,,Super Meat Boy,,,khinsider_track_prominence_proxy,24.082512167650226,score_0_100,,,,69.6330048670601,,,,https://downloads.khinsider.com/game-soundtracks/album/super-meat-boy-forever-gamerip-2020,2026-10-05,Track title is taken from KHInsider's soundtrack/gamerip album index. Popularity is an explicitly labelled proxy based on BeatHit game rank and track prominence.,"{""culture_category"":""video_game_music"",""video_game"":""Super Meat Boy"",""game_rank"":1413,""game_association_kind"":""khinsider_game_soundtrack"",""khinsider_album_url"":""https://downloads.khinsider.com/game-soundtracks/album/super-meat-boy-forever-gamerip-2020"",""khinsider_album_title"":""Super Meat Boy Forever (super-meat-boy-forever-gamerip-2020)"",""khinsider_album_kind"":""official_or_gamerip"",""khinsider_album_match_score"":100.0,""relevance_score_100"":100.0,""popularity_score_100"":24.082512167650226,""score_100"":69.6330048670601,""popularity_basis"":""BeatHit master-list game rank plus track position proxy""}"
344,Track 106,Unknown credited artist,[],Super Meat Boy Forever (super-meat-boy-forever-gamerip-2020),,,"[""video game soundtrack""]","[""und""]",,,,Super Meat Boy,,,khinsider_track_prominence_proxy,24.082512167650226,score_0_100,,,,69.6330048670601,,,,https://downloads.khinsider.com/game-soundtracks/album/super-meat-boy-forever-gamerip-2020,2026-10-05,Track title is taken from KHInsider's soundtrack/gamerip album index. Popularity is an explicitly labelled proxy based on BeatHit game rank and track prominence.,"{""culture_category"":""video_game_music"",""video_game"":""Super Meat Boy"",""game_rank"":1413,""game_association_kind"":""khinsider_game_soundtrack"",""khinsider_album_url"":""https://downloads.khinsider.com/game-soundtracks/album/super-meat-boy-forever-gamerip-2020"",""khinsider_album_title"":""Super Meat Boy Forever (super-meat-boy-forever-gamerip-2020)"",""khinsider_album_kind"":""official_or_gamerip"",""khinsider_album_match_score"":100.0,""relevance_score_100"":100.0,""popularity_score_100"":24.082512167650226,""score_100"":69.6330048670601,""popularity_basis"":""BeatHit master-list game rank plus track position proxy""}"
