rank,title,main_artist,featured_artists,album,release_date,release_year,genres,languages,composer,anime_title,anime_popularity,screen_work,vtuber,is_original,metric_name,metric_value,metric_unit,listen_count,listen_source,view_count,overall_popularity_score,spotify_track_id,musicbrainz_recording_mbid,isrc,source_url,retrieved_at,source_notes,extra
1,Starbound,Unknown credited artist,[],Starbound (starbound-unofficial-soundtrack-xone-ps4-pc-linux-macos-psv-2016),,,"[""video game soundtrack""]","[""und""]",,,,Starbound,,,khinsider_track_prominence_proxy,43.43146233882275,score_0_100,,,,77.3725849355291,,,,https://downloads.khinsider.com/game-soundtracks/album/starbound-unofficial-soundtrack-xone-ps4-pc-linux-macos-psv-2016,2026-10-05,Track title is taken from KHInsider's soundtrack/gamerip album index. Popularity is an explicitly labelled proxy based on BeatHit game rank and track prominence.,"{""culture_category"":""video_game_music"",""video_game"":""Starbound"",""game_rank"":1708,""game_association_kind"":""khinsider_game_soundtrack"",""khinsider_album_url"":""https://downloads.khinsider.com/game-soundtracks/album/starbound-unofficial-soundtrack-xone-ps4-pc-linux-macos-psv-2016"",""khinsider_album_title"":""Starbound (starbound-unofficial-soundtrack-xone-ps4-pc-linux-macos-psv-2016)"",""khinsider_album_kind"":""official_or_gamerip"",""khinsider_album_match_score"":100.0,""relevance_score_100"":100.0,""popularity_score_100"":43.43146233882275,""score_100"":77.3725849355291,""popularity_basis"":""BeatHit master-list game rank plus track position proxy""}"
2,Planetarium (The Protectorate),Unknown credited artist,[],Starbound (starbound-unofficial-soundtrack-xone-ps4-pc-linux-macos-psv-2016),,,"[""video game soundtrack""]","[""und""]",,,,Starbound,,,khinsider_track_prominence_proxy,43.22146233882275,score_0_100,,,,77.2885849355291,,,,https://downloads.khinsider.com/game-soundtracks/album/starbound-unofficial-soundtrack-xone-ps4-pc-linux-macos-psv-2016,2026-10-05,Track title is taken from KHInsider's soundtrack/gamerip album index. Popularity is an explicitly labelled proxy based on BeatHit game rank and track prominence.,"{""culture_category"":""video_game_music"",""video_game"":""Starbound"",""game_rank"":1708,""game_association_kind"":""khinsider_game_soundtrack"",""khinsider_album_url"":""https://downloads.khinsider.com/game-soundtracks/album/starbound-unofficial-soundtrack-xone-ps4-pc-linux-macos-psv-2016"",""khinsider_album_title"":""Starbound (starbound-unofficial-soundtrack-xone-ps4-pc-linux-macos-psv-2016)"",""khinsider_album_kind"":""official_or_gamerip"",""khinsider_album_match_score"":100.0,""relevance_score_100"":100.0,""popularity_score_100"":43.22146233882275,""score_100"":77.2885849355291,""popularity_basis"":""BeatHit master-list game rank plus track position proxy""}"
3,Jupiter (Original Version),Unknown credited artist,[],Starbound 1.4 - Bounty Hunter Update Soundtrack (starbound-1.4-bounty-hunter-update-soundtrack-2019),,,"[""video game soundtrack""]","[""und""]",,,,Starbound,,,khinsider_track_prominence_proxy,43.22146233882275,score_0_100,,,,77.2885849355291,,,,https://downloads.khinsider.com/game-soundtracks/album/starbound-1.4-bounty-hunter-update-soundtrack-2019,2026-10-05,Track title is taken from KHInsider's soundtrack/gamerip album index. Popularity is an explicitly labelled proxy based on BeatHit game rank and track prominence.,"{""culture_category"":""video_game_music"",""video_game"":""Starbound"",""game_rank"":1708,""game_association_kind"":""khinsider_game_soundtrack"",""khinsider_album_url"":""https://downloads.khinsider.com/game-soundtracks/album/starbound-1.4-bounty-hunter-update-soundtrack-2019"",""khinsider_album_title"":""Starbound 1.4 - Bounty Hunter Update Soundtrack (starbound-1.4-bounty-hunter-update-soundtrack-2019)"",""khinsider_album_kind"":""official_or_gamerip"",""khinsider_album_match_score"":100.0,""relevance_score_100"":100.0,""popularity_score_100"":43.22146233882275,""score_100"":77.2885849355291,""popularity_basis"":""BeatHit master-list game rank plus track position proxy""}"
4,Arctic Battle 1 (The Ruin Attacks),Unknown credited artist,[],Starbound (starbound-unofficial-soundtrack-xone-ps4-pc-linux-macos-psv-2016),,,"[""video game soundtrack""]","[""und""]",,,,Starbound,,,khinsider_track_prominence_proxy,43.011462338822746,score_0_100,,,,77.2045849355291,,,,https://downloads.khinsider.com/game-soundtracks/album/starbound-unofficial-soundtrack-xone-ps4-pc-linux-macos-psv-2016,2026-10-05,Track title is taken from KHInsider's soundtrack/gamerip album index. Popularity is an explicitly labelled proxy based on BeatHit game rank and track prominence.,"{""culture_category"":""video_game_music"",""video_game"":""Starbound"",""game_rank"":1708,""game_association_kind"":""khinsider_game_soundtrack"",""khinsider_album_url"":""https://downloads.khinsider.com/game-soundtracks/album/starbound-unofficial-soundtrack-xone-ps4-pc-linux-macos-psv-2016"",""khinsider_album_title"":""Starbound (starbound-unofficial-soundtrack-xone-ps4-pc-linux-macos-psv-2016)"",""khinsider_album_kind"":""official_or_gamerip"",""khinsider_album_match_score"":100.0,""relevance_score_100"":100.0,""popularity_score_100"":43.011462338822746,""score_100"":77.2045849355291,""popularity_basis"":""BeatHit master-list game rank plus track position proxy""}"
5,The Eternal Tide (Original Hylotl Theme),Unknown credited artist,[],Starbound 1.4 - Bounty Hunter Update Soundtrack (starbound-1.4-bounty-hunter-update-soundtrack-2019),,,"[""video game soundtrack""]","[""und""]",,,,Starbound,,,khinsider_track_prominence_proxy,43.011462338822746,score_0_100,,,,77.2045849355291,,,,https://downloads.khinsider.com/game-soundtracks/album/starbound-1.4-bounty-hunter-update-soundtrack-2019,2026-10-05,Track title is taken from KHInsider's soundtrack/gamerip album index. Popularity is an explicitly labelled proxy based on BeatHit game rank and track prominence.,"{""culture_category"":""video_game_music"",""video_game"":""Starbound"",""game_rank"":1708,""game_association_kind"":""khinsider_game_soundtrack"",""khinsider_album_url"":""https://downloads.khinsider.com/game-soundtracks/album/starbound-1.4-bounty-hunter-update-soundtrack-2019"",""khinsider_album_title"":""Starbound 1.4 - Bounty Hunter Update Soundtrack (starbound-1.4-bounty-hunter-update-soundtrack-2019)"",""khinsider_album_kind"":""official_or_gamerip"",""khinsider_album_match_score"":100.0,""relevance_score_100"":100.0,""popularity_score_100"":43.011462338822746,""score_100"":77.2045849355291,""popularity_basis"":""BeatHit master-list game rank plus track position proxy""}"
6,Atlas (Main Planet Theme),Unknown credited artist,[],Starbound (starbound-unofficial-soundtrack-xone-ps4-pc-linux-macos-psv-2016),,,"[""video game soundtrack""]","[""und""]",,,,Starbound,,,khinsider_track_prominence_proxy,42.801462338822745,score_0_100,,,,77.1205849355291,,,,https://downloads.khinsider.com/game-soundtracks/album/starbound-unofficial-soundtrack-xone-ps4-pc-linux-macos-psv-2016,2026-10-05,Track title is taken from KHInsider's soundtrack/gamerip album index. Popularity is an explicitly labelled proxy based on BeatHit game rank and track prominence.,"{""culture_category"":""video_game_music"",""video_game"":""Starbound"",""game_rank"":1708,""game_association_kind"":""khinsider_game_soundtrack"",""khinsider_album_url"":""https://downloads.khinsider.com/game-soundtracks/album/starbound-unofficial-soundtrack-xone-ps4-pc-linux-macos-psv-2016"",""khinsider_album_title"":""Starbound (starbound-unofficial-soundtrack-xone-ps4-pc-linux-macos-psv-2016)"",""khinsider_album_kind"":""official_or_gamerip"",""khinsider_album_match_score"":100.0,""relevance_score_100"":100.0,""popularity_score_100"":42.801462338822745,""score_100"":77.1205849355291,""popularity_basis"":""BeatHit master-list game rank plus track position proxy""}"
7,Accretion Disc,Unknown credited artist,[],Starbound (starbound-unofficial-soundtrack-xone-ps4-pc-linux-macos-psv-2016),,,"[""video game soundtrack""]","[""und""]",,,,Starbound,,,khinsider_track_prominence_proxy,42.59146233882275,score_0_100,,,,77.0365849355291,,,,https://downloads.khinsider.com/game-soundtracks/album/starbound-unofficial-soundtrack-xone-ps4-pc-linux-macos-psv-2016,2026-10-05,Track title is taken from KHInsider's soundtrack/gamerip album index. Popularity is an explicitly labelled proxy based on BeatHit game rank and track prominence.,"{""culture_category"":""video_game_music"",""video_game"":""Starbound"",""game_rank"":1708,""game_association_kind"":""khinsider_game_soundtrack"",""khinsider_album_url"":""https://downloads.khinsider.com/game-soundtracks/album/starbound-unofficial-soundtrack-xone-ps4-pc-linux-macos-psv-2016"",""khinsider_album_title"":""Starbound (starbound-unofficial-soundtrack-xone-ps4-pc-linux-macos-psv-2016)"",""khinsider_album_kind"":""official_or_gamerip"",""khinsider_album_match_score"":100.0,""relevance_score_100"":100.0,""popularity_score_100"":42.59146233882275,""score_100"":77.0365849355291,""popularity_basis"":""BeatHit master-list game rank plus track position proxy""}"
8,Arctic Constellation 1,Unknown credited artist,[],Starbound (starbound-unofficial-soundtrack-xone-ps4-pc-linux-macos-psv-2016),,,"[""video game soundtrack""]","[""und""]",,,,Starbound,,,khinsider_track_prominence_proxy,42.38146233882274,score_0_100,,,,76.9525849355291,,,,https://downloads.khinsider.com/game-soundtracks/album/starbound-unofficial-soundtrack-xone-ps4-pc-linux-macos-psv-2016,2026-10-05,Track title is taken from KHInsider's soundtrack/gamerip album index. Popularity is an explicitly labelled proxy based on BeatHit game rank and track prominence.,"{""culture_category"":""video_game_music"",""video_game"":""Starbound"",""game_rank"":1708,""game_association_kind"":""khinsider_game_soundtrack"",""khinsider_album_url"":""https://downloads.khinsider.com/game-soundtracks/album/starbound-unofficial-soundtrack-xone-ps4-pc-linux-macos-psv-2016"",""khinsider_album_title"":""Starbound (starbound-unofficial-soundtrack-xone-ps4-pc-linux-macos-psv-2016)"",""khinsider_album_kind"":""official_or_gamerip"",""khinsider_album_match_score"":100.0,""relevance_score_100"":100.0,""popularity_score_100"":42.38146233882274,""score_100"":76.9525849355291,""popularity_basis"":""BeatHit master-list game rank plus track position proxy""}"
9,Arctic Constellation 2,Unknown credited artist,[],Starbound (starbound-unofficial-soundtrack-xone-ps4-pc-linux-macos-psv-2016),,,"[""video game soundtrack""]","[""und""]",,,,Starbound,,,khinsider_track_prominence_proxy,42.17146233882275,score_0_100,,,,76.8685849355291,,,,https://downloads.khinsider.com/game-soundtracks/album/starbound-unofficial-soundtrack-xone-ps4-pc-linux-macos-psv-2016,2026-10-05,Track title is taken from KHInsider's soundtrack/gamerip album index. Popularity is an explicitly labelled proxy based on BeatHit game rank and track prominence.,"{""culture_category"":""video_game_music"",""video_game"":""Starbound"",""game_rank"":1708,""game_association_kind"":""khinsider_game_soundtrack"",""khinsider_album_url"":""https://downloads.khinsider.com/game-soundtracks/album/starbound-unofficial-soundtrack-xone-ps4-pc-linux-macos-psv-2016"",""khinsider_album_title"":""Starbound (starbound-unofficial-soundtrack-xone-ps4-pc-linux-macos-psv-2016)"",""khinsider_album_kind"":""official_or_gamerip"",""khinsider_album_match_score"":100.0,""relevance_score_100"":100.0,""popularity_score_100"":42.17146233882275,""score_100"":76.8685849355291,""popularity_basis"":""BeatHit master-list game rank plus track position proxy""}"
10,Blue Straggler,Unknown credited artist,[],Starbound (starbound-unofficial-soundtrack-xone-ps4-pc-linux-macos-psv-2016),,,"[""video game soundtrack""]","[""und""]",,,,Starbound,,,khinsider_track_prominence_proxy,41.96146233882274,score_0_100,,,,76.7845849355291,,,,https://downloads.khinsider.com/game-soundtracks/album/starbound-unofficial-soundtrack-xone-ps4-pc-linux-macos-psv-2016,2026-10-05,Track title is taken from KHInsider's soundtrack/gamerip album index. Popularity is an explicitly labelled proxy based on BeatHit game rank and track prominence.,"{""culture_category"":""video_game_music"",""video_game"":""Starbound"",""game_rank"":1708,""game_association_kind"":""khinsider_game_soundtrack"",""khinsider_album_url"":""https://downloads.khinsider.com/game-soundtracks/album/starbound-unofficial-soundtrack-xone-ps4-pc-linux-macos-psv-2016"",""khinsider_album_title"":""Starbound (starbound-unofficial-soundtrack-xone-ps4-pc-linux-macos-psv-2016)"",""khinsider_album_kind"":""official_or_gamerip"",""khinsider_album_match_score"":100.0,""relevance_score_100"":100.0,""popularity_score_100"":41.96146233882274,""score_100"":76.7845849355291,""popularity_basis"":""BeatHit master-list game rank plus track position proxy""}"
11,Cygnus X1,Unknown credited artist,[],Starbound (starbound-unofficial-soundtrack-xone-ps4-pc-linux-macos-psv-2016),,,"[""video game soundtrack""]","[""und""]",,,,Starbound,,,khinsider_track_prominence_proxy,41.75146233882275,score_0_100,,,,76.7005849355291,,,,https://downloads.khinsider.com/game-soundtracks/album/starbound-unofficial-soundtrack-xone-ps4-pc-linux-macos-psv-2016,2026-10-05,Track title is taken from KHInsider's soundtrack/gamerip album index. Popularity is an explicitly labelled proxy based on BeatHit game rank and track prominence.,"{""culture_category"":""video_game_music"",""video_game"":""Starbound"",""game_rank"":1708,""game_association_kind"":""khinsider_game_soundtrack"",""khinsider_album_url"":""https://downloads.khinsider.com/game-soundtracks/album/starbound-unofficial-soundtrack-xone-ps4-pc-linux-macos-psv-2016"",""khinsider_album_title"":""Starbound (starbound-unofficial-soundtrack-xone-ps4-pc-linux-macos-psv-2016)"",""khinsider_album_kind"":""official_or_gamerip"",""khinsider_album_match_score"":100.0,""relevance_score_100"":100.0,""popularity_score_100"":41.75146233882275,""score_100"":76.7005849355291,""popularity_basis"":""BeatHit master-list game rank plus track position proxy""}"
12,Epsilon Indi,Unknown credited artist,[],Starbound (starbound-unofficial-soundtrack-xone-ps4-pc-linux-macos-psv-2016),,,"[""video game soundtrack""]","[""und""]",,,,Starbound,,,khinsider_track_prominence_proxy,41.54146233882275,score_0_100,,,,76.6165849355291,,,,https://downloads.khinsider.com/game-soundtracks/album/starbound-unofficial-soundtrack-xone-ps4-pc-linux-macos-psv-2016,2026-10-05,Track title is taken from KHInsider's soundtrack/gamerip album index. Popularity is an explicitly labelled proxy based on BeatHit game rank and track prominence.,"{""culture_category"":""video_game_music"",""video_game"":""Starbound"",""game_rank"":1708,""game_association_kind"":""khinsider_game_soundtrack"",""khinsider_album_url"":""https://downloads.khinsider.com/game-soundtracks/album/starbound-unofficial-soundtrack-xone-ps4-pc-linux-macos-psv-2016"",""khinsider_album_title"":""Starbound (starbound-unofficial-soundtrack-xone-ps4-pc-linux-macos-psv-2016)"",""khinsider_album_kind"":""official_or_gamerip"",""khinsider_album_match_score"":100.0,""relevance_score_100"":100.0,""popularity_score_100"":41.54146233882275,""score_100"":76.6165849355291,""popularity_basis"":""BeatHit master-list game rank plus track position proxy""}"
13,Eridanus Supervoid,Unknown credited artist,[],Starbound (starbound-unofficial-soundtrack-xone-ps4-pc-linux-macos-psv-2016),,,"[""video game soundtrack""]","[""und""]",,,,Starbound,,,khinsider_track_prominence_proxy,41.331462338822746,score_0_100,,,,76.5325849355291,,,,https://downloads.khinsider.com/game-soundtracks/album/starbound-unofficial-soundtrack-xone-ps4-pc-linux-macos-psv-2016,2026-10-05,Track title is taken from KHInsider's soundtrack/gamerip album index. Popularity is an explicitly labelled proxy based on BeatHit game rank and track prominence.,"{""culture_category"":""video_game_music"",""video_game"":""Starbound"",""game_rank"":1708,""game_association_kind"":""khinsider_game_soundtrack"",""khinsider_album_url"":""https://downloads.khinsider.com/game-soundtracks/album/starbound-unofficial-soundtrack-xone-ps4-pc-linux-macos-psv-2016"",""khinsider_album_title"":""Starbound (starbound-unofficial-soundtrack-xone-ps4-pc-linux-macos-psv-2016)"",""khinsider_album_kind"":""official_or_gamerip"",""khinsider_album_match_score"":100.0,""relevance_score_100"":100.0,""popularity_score_100"":41.331462338822746,""score_100"":76.5325849355291,""popularity_basis"":""BeatHit master-list game rank plus track position proxy""}"
14,Europa,Unknown credited artist,[],Starbound (starbound-unofficial-soundtrack-xone-ps4-pc-linux-macos-psv-2016),,,"[""video game soundtrack""]","[""und""]",,,,Starbound,,,khinsider_track_prominence_proxy,41.121462338822745,score_0_100,,,,76.4485849355291,,,,https://downloads.khinsider.com/game-soundtracks/album/starbound-unofficial-soundtrack-xone-ps4-pc-linux-macos-psv-2016,2026-10-05,Track title is taken from KHInsider's soundtrack/gamerip album index. Popularity is an explicitly labelled proxy based on BeatHit game rank and track prominence.,"{""culture_category"":""video_game_music"",""video_game"":""Starbound"",""game_rank"":1708,""game_association_kind"":""khinsider_game_soundtrack"",""khinsider_album_url"":""https://downloads.khinsider.com/game-soundtracks/album/starbound-unofficial-soundtrack-xone-ps4-pc-linux-macos-psv-2016"",""khinsider_album_title"":""Starbound (starbound-unofficial-soundtrack-xone-ps4-pc-linux-macos-psv-2016)"",""khinsider_album_kind"":""official_or_gamerip"",""khinsider_album_match_score"":100.0,""relevance_score_100"":100.0,""popularity_score_100"":41.121462338822745,""score_100"":76.4485849355291,""popularity_basis"":""BeatHit master-list game rank plus track position proxy""}"
15,Haiku,Unknown credited artist,[],Starbound (starbound-unofficial-soundtrack-xone-ps4-pc-linux-macos-psv-2016),,,"[""video game soundtrack""]","[""und""]",,,,Starbound,,,khinsider_track_prominence_proxy,40.911462338822744,score_0_100,,,,76.3645849355291,,,,https://downloads.khinsider.com/game-soundtracks/album/starbound-unofficial-soundtrack-xone-ps4-pc-linux-macos-psv-2016,2026-10-05,Track title is taken from KHInsider's soundtrack/gamerip album index. Popularity is an explicitly labelled proxy based on BeatHit game rank and track prominence.,"{""culture_category"":""video_game_music"",""video_game"":""Starbound"",""game_rank"":1708,""game_association_kind"":""khinsider_game_soundtrack"",""khinsider_album_url"":""https://downloads.khinsider.com/game-soundtracks/album/starbound-unofficial-soundtrack-xone-ps4-pc-linux-macos-psv-2016"",""khinsider_album_title"":""Starbound (starbound-unofficial-soundtrack-xone-ps4-pc-linux-macos-psv-2016)"",""khinsider_album_kind"":""official_or_gamerip"",""khinsider_album_match_score"":100.0,""relevance_score_100"":100.0,""popularity_score_100"":40.911462338822744,""score_100"":76.3645849355291,""popularity_basis"":""BeatHit master-list game rank plus track position proxy""}"
16,Horsehead Nebula,Unknown credited artist,[],Starbound (starbound-unofficial-soundtrack-xone-ps4-pc-linux-macos-psv-2016),,,"[""video game soundtrack""]","[""und""]",,,,Starbound,,,khinsider_track_prominence_proxy,40.70146233882275,score_0_100,,,,76.2805849355291,,,,https://downloads.khinsider.com/game-soundtracks/album/starbound-unofficial-soundtrack-xone-ps4-pc-linux-macos-psv-2016,2026-10-05,Track title is taken from KHInsider's soundtrack/gamerip album index. Popularity is an explicitly labelled proxy based on BeatHit game rank and track prominence.,"{""culture_category"":""video_game_music"",""video_game"":""Starbound"",""game_rank"":1708,""game_association_kind"":""khinsider_game_soundtrack"",""khinsider_album_url"":""https://downloads.khinsider.com/game-soundtracks/album/starbound-unofficial-soundtrack-xone-ps4-pc-linux-macos-psv-2016"",""khinsider_album_title"":""Starbound (starbound-unofficial-soundtrack-xone-ps4-pc-linux-macos-psv-2016)"",""khinsider_album_kind"":""official_or_gamerip"",""khinsider_album_match_score"":100.0,""relevance_score_100"":100.0,""popularity_score_100"":40.70146233882275,""score_100"":76.2805849355291,""popularity_basis"":""BeatHit master-list game rank plus track position proxy""}"
17,Atlas,Unknown credited artist,[],Starbound 1.4 - Bounty Hunter Update Soundtrack (starbound-1.4-bounty-hunter-update-soundtrack-2019),,,"[""video game soundtrack""]","[""und""]",,,,Starbound,,,khinsider_track_prominence_proxy,40.70146233882275,score_0_100,,,,76.2805849355291,,,,https://downloads.khinsider.com/game-soundtracks/album/starbound-1.4-bounty-hunter-update-soundtrack-2019,2026-10-05,Track title is taken from KHInsider's soundtrack/gamerip album index. Popularity is an explicitly labelled proxy based on BeatHit game rank and track prominence.,"{""culture_category"":""video_game_music"",""video_game"":""Starbound"",""game_rank"":1708,""game_association_kind"":""khinsider_game_soundtrack"",""khinsider_album_url"":""https://downloads.khinsider.com/game-soundtracks/album/starbound-1.4-bounty-hunter-update-soundtrack-2019"",""khinsider_album_title"":""Starbound 1.4 - Bounty Hunter Update Soundtrack (starbound-1.4-bounty-hunter-update-soundtrack-2019)"",""khinsider_album_kind"":""official_or_gamerip"",""khinsider_album_match_score"":100.0,""relevance_score_100"":100.0,""popularity_score_100"":40.70146233882275,""score_100"":76.2805849355291,""popularity_basis"":""BeatHit master-list game rank plus track position proxy""}"
18,Hymn to the Stars,Unknown credited artist,[],Starbound (starbound-unofficial-soundtrack-xone-ps4-pc-linux-macos-psv-2016),,,"[""video game soundtrack""]","[""und""]",,,,Starbound,,,khinsider_track_prominence_proxy,40.49146233882274,score_0_100,,,,76.1965849355291,,,,https://downloads.khinsider.com/game-soundtracks/album/starbound-unofficial-soundtrack-xone-ps4-pc-linux-macos-psv-2016,2026-10-05,Track title is taken from KHInsider's soundtrack/gamerip album index. Popularity is an explicitly labelled proxy based on BeatHit game rank and track prominence.,"{""culture_category"":""video_game_music"",""video_game"":""Starbound"",""game_rank"":1708,""game_association_kind"":""khinsider_game_soundtrack"",""khinsider_album_url"":""https://downloads.khinsider.com/game-soundtracks/album/starbound-unofficial-soundtrack-xone-ps4-pc-linux-macos-psv-2016"",""khinsider_album_title"":""Starbound (starbound-unofficial-soundtrack-xone-ps4-pc-linux-macos-psv-2016)"",""khinsider_album_kind"":""official_or_gamerip"",""khinsider_album_match_score"":100.0,""relevance_score_100"":100.0,""popularity_score_100"":40.49146233882274,""score_100"":76.1965849355291,""popularity_basis"":""BeatHit master-list game rank plus track position proxy""}"
19,Casiopeia,Unknown credited artist,[],Starbound 1.4 - Bounty Hunter Update Soundtrack (starbound-1.4-bounty-hunter-update-soundtrack-2019),,,"[""video game soundtrack""]","[""und""]",,,,Starbound,,,khinsider_track_prominence_proxy,40.49146233882274,score_0_100,,,,76.1965849355291,,,,https://downloads.khinsider.com/game-soundtracks/album/starbound-1.4-bounty-hunter-update-soundtrack-2019,2026-10-05,Track title is taken from KHInsider's soundtrack/gamerip album index. Popularity is an explicitly labelled proxy based on BeatHit game rank and track prominence.,"{""culture_category"":""video_game_music"",""video_game"":""Starbound"",""game_rank"":1708,""game_association_kind"":""khinsider_game_soundtrack"",""khinsider_album_url"":""https://downloads.khinsider.com/game-soundtracks/album/starbound-1.4-bounty-hunter-update-soundtrack-2019"",""khinsider_album_title"":""Starbound 1.4 - Bounty Hunter Update Soundtrack (starbound-1.4-bounty-hunter-update-soundtrack-2019)"",""khinsider_album_kind"":""official_or_gamerip"",""khinsider_album_match_score"":100.0,""relevance_score_100"":100.0,""popularity_score_100"":40.49146233882274,""score_100"":76.1965849355291,""popularity_basis"":""BeatHit master-list game rank plus track position proxy""}"
20,Jupiter,Unknown credited artist,[],Starbound (starbound-unofficial-soundtrack-xone-ps4-pc-linux-macos-psv-2016),,,"[""video game soundtrack""]","[""und""]",,,,Starbound,,,khinsider_track_prominence_proxy,40.28146233882275,score_0_100,,,,76.1125849355291,,,,https://downloads.khinsider.com/game-soundtracks/album/starbound-unofficial-soundtrack-xone-ps4-pc-linux-macos-psv-2016,2026-10-05,Track title is taken from KHInsider's soundtrack/gamerip album index. Popularity is an explicitly labelled proxy based on BeatHit game rank and track prominence.,"{""culture_category"":""video_game_music"",""video_game"":""Starbound"",""game_rank"":1708,""game_association_kind"":""khinsider_game_soundtrack"",""khinsider_album_url"":""https://downloads.khinsider.com/game-soundtracks/album/starbound-unofficial-soundtrack-xone-ps4-pc-linux-macos-psv-2016"",""khinsider_album_title"":""Starbound (starbound-unofficial-soundtrack-xone-ps4-pc-linux-macos-psv-2016)"",""khinsider_album_kind"":""official_or_gamerip"",""khinsider_album_match_score"":100.0,""relevance_score_100"":100.0,""popularity_score_100"":40.28146233882275,""score_100"":76.1125849355291,""popularity_basis"":""BeatHit master-list game rank plus track position proxy""}"
21,Large Magellanic Cloud,Unknown credited artist,[],Starbound (starbound-unofficial-soundtrack-xone-ps4-pc-linux-macos-psv-2016),,,"[""video game soundtrack""]","[""und""]",,,,Starbound,,,khinsider_track_prominence_proxy,40.07146233882274,score_0_100,,,,76.0285849355291,,,,https://downloads.khinsider.com/game-soundtracks/album/starbound-unofficial-soundtrack-xone-ps4-pc-linux-macos-psv-2016,2026-10-05,Track title is taken from KHInsider's soundtrack/gamerip album index. Popularity is an explicitly labelled proxy based on BeatHit game rank and track prominence.,"{""culture_category"":""video_game_music"",""video_game"":""Starbound"",""game_rank"":1708,""game_association_kind"":""khinsider_game_soundtrack"",""khinsider_album_url"":""https://downloads.khinsider.com/game-soundtracks/album/starbound-unofficial-soundtrack-xone-ps4-pc-linux-macos-psv-2016"",""khinsider_album_title"":""Starbound (starbound-unofficial-soundtrack-xone-ps4-pc-linux-macos-psv-2016)"",""khinsider_album_kind"":""official_or_gamerip"",""khinsider_album_match_score"":100.0,""relevance_score_100"":100.0,""popularity_score_100"":40.07146233882274,""score_100"":76.0285849355291,""popularity_basis"":""BeatHit master-list game rank plus track position proxy""}"
22,Temple of Kluex,Unknown credited artist,[],Starbound 1.4 - Bounty Hunter Update Soundtrack (starbound-1.4-bounty-hunter-update-soundtrack-2019),,,"[""video game soundtrack""]","[""und""]",,,,Starbound,,,khinsider_track_prominence_proxy,40.07146233882274,score_0_100,,,,76.0285849355291,,,,https://downloads.khinsider.com/game-soundtracks/album/starbound-1.4-bounty-hunter-update-soundtrack-2019,2026-10-05,Track title is taken from KHInsider's soundtrack/gamerip album index. Popularity is an explicitly labelled proxy based on BeatHit game rank and track prominence.,"{""culture_category"":""video_game_music"",""video_game"":""Starbound"",""game_rank"":1708,""game_association_kind"":""khinsider_game_soundtrack"",""khinsider_album_url"":""https://downloads.khinsider.com/game-soundtracks/album/starbound-1.4-bounty-hunter-update-soundtrack-2019"",""khinsider_album_title"":""Starbound 1.4 - Bounty Hunter Update Soundtrack (starbound-1.4-bounty-hunter-update-soundtrack-2019)"",""khinsider_album_kind"":""official_or_gamerip"",""khinsider_album_match_score"":100.0,""relevance_score_100"":100.0,""popularity_score_100"":40.07146233882274,""score_100"":76.0285849355291,""popularity_basis"":""BeatHit master-list game rank plus track position proxy""}"
23,M54,Unknown credited artist,[],Starbound (starbound-unofficial-soundtrack-xone-ps4-pc-linux-macos-psv-2016),,,"[""video game soundtrack""]","[""und""]",,,,Starbound,,,khinsider_track_prominence_proxy,39.86146233882275,score_0_100,,,,75.9445849355291,,,,https://downloads.khinsider.com/game-soundtracks/album/starbound-unofficial-soundtrack-xone-ps4-pc-linux-macos-psv-2016,2026-10-05,Track title is taken from KHInsider's soundtrack/gamerip album index. Popularity is an explicitly labelled proxy based on BeatHit game rank and track prominence.,"{""culture_category"":""video_game_music"",""video_game"":""Starbound"",""game_rank"":1708,""game_association_kind"":""khinsider_game_soundtrack"",""khinsider_album_url"":""https://downloads.khinsider.com/game-soundtracks/album/starbound-unofficial-soundtrack-xone-ps4-pc-linux-macos-psv-2016"",""khinsider_album_title"":""Starbound (starbound-unofficial-soundtrack-xone-ps4-pc-linux-macos-psv-2016)"",""khinsider_album_kind"":""official_or_gamerip"",""khinsider_album_match_score"":100.0,""relevance_score_100"":100.0,""popularity_score_100"":39.86146233882275,""score_100"":75.9445849355291,""popularity_basis"":""BeatHit master-list game rank plus track position proxy""}"
24,Mira,Unknown credited artist,[],Starbound 1.4 - Bounty Hunter Update Soundtrack (starbound-1.4-bounty-hunter-update-soundtrack-2019),,,"[""video game soundtrack""]","[""und""]",,,,Starbound,,,khinsider_track_prominence_proxy,39.86146233882275,score_0_100,,,,75.9445849355291,,,,https://downloads.khinsider.com/game-soundtracks/album/starbound-1.4-bounty-hunter-update-soundtrack-2019,2026-10-05,Track title is taken from KHInsider's soundtrack/gamerip album index. Popularity is an explicitly labelled proxy based on BeatHit game rank and track prominence.,"{""culture_category"":""video_game_music"",""video_game"":""Starbound"",""game_rank"":1708,""game_association_kind"":""khinsider_game_soundtrack"",""khinsider_album_url"":""https://downloads.khinsider.com/game-soundtracks/album/starbound-1.4-bounty-hunter-update-soundtrack-2019"",""khinsider_album_title"":""Starbound 1.4 - Bounty Hunter Update Soundtrack (starbound-1.4-bounty-hunter-update-soundtrack-2019)"",""khinsider_album_kind"":""official_or_gamerip"",""khinsider_album_match_score"":100.0,""relevance_score_100"":100.0,""popularity_score_100"":39.86146233882275,""score_100"":75.9445849355291,""popularity_basis"":""BeatHit master-list game rank plus track position proxy""}"
25,Mercury,Unknown credited artist,[],Starbound (starbound-unofficial-soundtrack-xone-ps4-pc-linux-macos-psv-2016),,,"[""video game soundtrack""]","[""und""]",,,,Starbound,,,khinsider_track_prominence_proxy,39.65146233882275,score_0_100,,,,75.8605849355291,,,,https://downloads.khinsider.com/game-soundtracks/album/starbound-unofficial-soundtrack-xone-ps4-pc-linux-macos-psv-2016,2026-10-05,Track title is taken from KHInsider's soundtrack/gamerip album index. Popularity is an explicitly labelled proxy based on BeatHit game rank and track prominence.,"{""culture_category"":""video_game_music"",""video_game"":""Starbound"",""game_rank"":1708,""game_association_kind"":""khinsider_game_soundtrack"",""khinsider_album_url"":""https://downloads.khinsider.com/game-soundtracks/album/starbound-unofficial-soundtrack-xone-ps4-pc-linux-macos-psv-2016"",""khinsider_album_title"":""Starbound (starbound-unofficial-soundtrack-xone-ps4-pc-linux-macos-psv-2016)"",""khinsider_album_kind"":""official_or_gamerip"",""khinsider_album_match_score"":100.0,""relevance_score_100"":100.0,""popularity_score_100"":39.65146233882275,""score_100"":75.8605849355291,""popularity_basis"":""BeatHit master-list game rank plus track position proxy""}"
26,Mira (Altair),Unknown credited artist,[],Starbound (starbound-unofficial-soundtrack-xone-ps4-pc-linux-macos-psv-2016),,,"[""video game soundtrack""]","[""und""]",,,,Starbound,,,khinsider_track_prominence_proxy,39.441462338822745,score_0_100,,,,75.7765849355291,,,,https://downloads.khinsider.com/game-soundtracks/album/starbound-unofficial-soundtrack-xone-ps4-pc-linux-macos-psv-2016,2026-10-05,Track title is taken from KHInsider's soundtrack/gamerip album index. Popularity is an explicitly labelled proxy based on BeatHit game rank and track prominence.,"{""culture_category"":""video_game_music"",""video_game"":""Starbound"",""game_rank"":1708,""game_association_kind"":""khinsider_game_soundtrack"",""khinsider_album_url"":""https://downloads.khinsider.com/game-soundtracks/album/starbound-unofficial-soundtrack-xone-ps4-pc-linux-macos-psv-2016"",""khinsider_album_title"":""Starbound (starbound-unofficial-soundtrack-xone-ps4-pc-linux-macos-psv-2016)"",""khinsider_album_kind"":""official_or_gamerip"",""khinsider_album_match_score"":100.0,""relevance_score_100"":100.0,""popularity_score_100"":39.441462338822745,""score_100"":75.7765849355291,""popularity_basis"":""BeatHit master-list game rank plus track position proxy""}"
27,Nomads (Passacaglia),Unknown credited artist,[],Starbound (starbound-unofficial-soundtrack-xone-ps4-pc-linux-macos-psv-2016),,,"[""video game soundtrack""]","[""und""]",,,,Starbound,,,khinsider_track_prominence_proxy,39.23146233882275,score_0_100,,,,75.6925849355291,,,,https://downloads.khinsider.com/game-soundtracks/album/starbound-unofficial-soundtrack-xone-ps4-pc-linux-macos-psv-2016,2026-10-05,Track title is taken from KHInsider's soundtrack/gamerip album index. Popularity is an explicitly labelled proxy based on BeatHit game rank and track prominence.,"{""culture_category"":""video_game_music"",""video_game"":""Starbound"",""game_rank"":1708,""game_association_kind"":""khinsider_game_soundtrack"",""khinsider_album_url"":""https://downloads.khinsider.com/game-soundtracks/album/starbound-unofficial-soundtrack-xone-ps4-pc-linux-macos-psv-2016"",""khinsider_album_title"":""Starbound (starbound-unofficial-soundtrack-xone-ps4-pc-linux-macos-psv-2016)"",""khinsider_album_kind"":""official_or_gamerip"",""khinsider_album_match_score"":100.0,""relevance_score_100"":100.0,""popularity_score_100"":39.23146233882275,""score_100"":75.6925849355291,""popularity_basis"":""BeatHit master-list game rank plus track position proxy""}"
28,On the Beach at Night,Unknown credited artist,[],Starbound (starbound-unofficial-soundtrack-xone-ps4-pc-linux-macos-psv-2016),,,"[""video game soundtrack""]","[""und""]",,,,Starbound,,,khinsider_track_prominence_proxy,39.021462338822744,score_0_100,,,,75.6085849355291,,,,https://downloads.khinsider.com/game-soundtracks/album/starbound-unofficial-soundtrack-xone-ps4-pc-linux-macos-psv-2016,2026-10-05,Track title is taken from KHInsider's soundtrack/gamerip album index. Popularity is an explicitly labelled proxy based on BeatHit game rank and track prominence.,"{""culture_category"":""video_game_music"",""video_game"":""Starbound"",""game_rank"":1708,""game_association_kind"":""khinsider_game_soundtrack"",""khinsider_album_url"":""https://downloads.khinsider.com/game-soundtracks/album/starbound-unofficial-soundtrack-xone-ps4-pc-linux-macos-psv-2016"",""khinsider_album_title"":""Starbound (starbound-unofficial-soundtrack-xone-ps4-pc-linux-macos-psv-2016)"",""khinsider_album_kind"":""official_or_gamerip"",""khinsider_album_match_score"":100.0,""relevance_score_100"":100.0,""popularity_score_100"":39.021462338822744,""score_100"":75.6085849355291,""popularity_basis"":""BeatHit master-list game rank plus track position proxy""}"
29,Procyon,Unknown credited artist,[],Starbound (starbound-unofficial-soundtrack-xone-ps4-pc-linux-macos-psv-2016),,,"[""video game soundtrack""]","[""und""]",,,,Starbound,,,khinsider_track_prominence_proxy,38.81146233882275,score_0_100,,,,75.5245849355291,,,,https://downloads.khinsider.com/game-soundtracks/album/starbound-unofficial-soundtrack-xone-ps4-pc-linux-macos-psv-2016,2026-10-05,Track title is taken from KHInsider's soundtrack/gamerip album index. Popularity is an explicitly labelled proxy based on BeatHit game rank and track prominence.,"{""culture_category"":""video_game_music"",""video_game"":""Starbound"",""game_rank"":1708,""game_association_kind"":""khinsider_game_soundtrack"",""khinsider_album_url"":""https://downloads.khinsider.com/game-soundtracks/album/starbound-unofficial-soundtrack-xone-ps4-pc-linux-macos-psv-2016"",""khinsider_album_title"":""Starbound (starbound-unofficial-soundtrack-xone-ps4-pc-linux-macos-psv-2016)"",""khinsider_album_kind"":""official_or_gamerip"",""khinsider_album_match_score"":100.0,""relevance_score_100"":100.0,""popularity_score_100"":38.81146233882275,""score_100"":75.5245849355291,""popularity_basis"":""BeatHit master-list game rank plus track position proxy""}"
30,Psyche,Unknown credited artist,[],Starbound (starbound-unofficial-soundtrack-xone-ps4-pc-linux-macos-psv-2016),,,"[""video game soundtrack""]","[""und""]",,,,Starbound,,,khinsider_track_prominence_proxy,38.60146233882275,score_0_100,,,,75.4405849355291,,,,https://downloads.khinsider.com/game-soundtracks/album/starbound-unofficial-soundtrack-xone-ps4-pc-linux-macos-psv-2016,2026-10-05,Track title is taken from KHInsider's soundtrack/gamerip album index. Popularity is an explicitly labelled proxy based on BeatHit game rank and track prominence.,"{""culture_category"":""video_game_music"",""video_game"":""Starbound"",""game_rank"":1708,""game_association_kind"":""khinsider_game_soundtrack"",""khinsider_album_url"":""https://downloads.khinsider.com/game-soundtracks/album/starbound-unofficial-soundtrack-xone-ps4-pc-linux-macos-psv-2016"",""khinsider_album_title"":""Starbound (starbound-unofficial-soundtrack-xone-ps4-pc-linux-macos-psv-2016)"",""khinsider_album_kind"":""official_or_gamerip"",""khinsider_album_match_score"":100.0,""relevance_score_100"":100.0,""popularity_score_100"":38.60146233882275,""score_100"":75.4405849355291,""popularity_basis"":""BeatHit master-list game rank plus track position proxy""}"
31,Stellar Formation,Unknown credited artist,[],Starbound (starbound-unofficial-soundtrack-xone-ps4-pc-linux-macos-psv-2016),,,"[""video game soundtrack""]","[""und""]",,,,Starbound,,,khinsider_track_prominence_proxy,38.39146233882275,score_0_100,,,,75.3565849355291,,,,https://downloads.khinsider.com/game-soundtracks/album/starbound-unofficial-soundtrack-xone-ps4-pc-linux-macos-psv-2016,2026-10-05,Track title is taken from KHInsider's soundtrack/gamerip album index. Popularity is an explicitly labelled proxy based on BeatHit game rank and track prominence.,"{""culture_category"":""video_game_music"",""video_game"":""Starbound"",""game_rank"":1708,""game_association_kind"":""khinsider_game_soundtrack"",""khinsider_album_url"":""https://downloads.khinsider.com/game-soundtracks/album/starbound-unofficial-soundtrack-xone-ps4-pc-linux-macos-psv-2016"",""khinsider_album_title"":""Starbound (starbound-unofficial-soundtrack-xone-ps4-pc-linux-macos-psv-2016)"",""khinsider_album_kind"":""official_or_gamerip"",""khinsider_album_match_score"":100.0,""relevance_score_100"":100.0,""popularity_score_100"":38.39146233882275,""score_100"":75.3565849355291,""popularity_basis"":""BeatHit master-list game rank plus track position proxy""}"
32,(Experimental OST) Arctic Battle 1,Unknown credited artist,[],Starbound 1.4 - Bounty Hunter Update Soundtrack (starbound-1.4-bounty-hunter-update-soundtrack-2019),,,"[""video game soundtrack""]","[""und""]",,,,Starbound,,,khinsider_track_prominence_proxy,38.39146233882275,score_0_100,,,,75.3565849355291,,,,https://downloads.khinsider.com/game-soundtracks/album/starbound-1.4-bounty-hunter-update-soundtrack-2019,2026-10-05,Track title is taken from KHInsider's soundtrack/gamerip album index. Popularity is an explicitly labelled proxy based on BeatHit game rank and track prominence.,"{""culture_category"":""video_game_music"",""video_game"":""Starbound"",""game_rank"":1708,""game_association_kind"":""khinsider_game_soundtrack"",""khinsider_album_url"":""https://downloads.khinsider.com/game-soundtracks/album/starbound-1.4-bounty-hunter-update-soundtrack-2019"",""khinsider_album_title"":""Starbound 1.4 - Bounty Hunter Update Soundtrack (starbound-1.4-bounty-hunter-update-soundtrack-2019)"",""khinsider_album_kind"":""official_or_gamerip"",""khinsider_album_match_score"":100.0,""relevance_score_100"":100.0,""popularity_score_100"":38.39146233882275,""score_100"":75.3565849355291,""popularity_basis"":""BeatHit master-list game rank plus track position proxy""}"
33,Tranquility Base,Unknown credited artist,[],Starbound (starbound-unofficial-soundtrack-xone-ps4-pc-linux-macos-psv-2016),,,"[""video game soundtrack""]","[""und""]",,,,Starbound,,,khinsider_track_prominence_proxy,38.18146233882275,score_0_100,,,,75.2725849355291,,,,https://downloads.khinsider.com/game-soundtracks/album/starbound-unofficial-soundtrack-xone-ps4-pc-linux-macos-psv-2016,2026-10-05,Track title is taken from KHInsider's soundtrack/gamerip album index. Popularity is an explicitly labelled proxy based on BeatHit game rank and track prominence.,"{""culture_category"":""video_game_music"",""video_game"":""Starbound"",""game_rank"":1708,""game_association_kind"":""khinsider_game_soundtrack"",""khinsider_album_url"":""https://downloads.khinsider.com/game-soundtracks/album/starbound-unofficial-soundtrack-xone-ps4-pc-linux-macos-psv-2016"",""khinsider_album_title"":""Starbound (starbound-unofficial-soundtrack-xone-ps4-pc-linux-macos-psv-2016)"",""khinsider_album_kind"":""official_or_gamerip"",""khinsider_album_match_score"":100.0,""relevance_score_100"":100.0,""popularity_score_100"":38.18146233882275,""score_100"":75.2725849355291,""popularity_basis"":""BeatHit master-list game rank plus track position proxy""}"
34,(Experimental OST) Arctic Battle 2,Unknown credited artist,[],Starbound 1.4 - Bounty Hunter Update Soundtrack (starbound-1.4-bounty-hunter-update-soundtrack-2019),,,"[""video game soundtrack""]","[""und""]",,,,Starbound,,,khinsider_track_prominence_proxy,38.18146233882275,score_0_100,,,,75.2725849355291,,,,https://downloads.khinsider.com/game-soundtracks/album/starbound-1.4-bounty-hunter-update-soundtrack-2019,2026-10-05,Track title is taken from KHInsider's soundtrack/gamerip album index. Popularity is an explicitly labelled proxy based on BeatHit game rank and track prominence.,"{""culture_category"":""video_game_music"",""video_game"":""Starbound"",""game_rank"":1708,""game_association_kind"":""khinsider_game_soundtrack"",""khinsider_album_url"":""https://downloads.khinsider.com/game-soundtracks/album/starbound-1.4-bounty-hunter-update-soundtrack-2019"",""khinsider_album_title"":""Starbound 1.4 - Bounty Hunter Update Soundtrack (starbound-1.4-bounty-hunter-update-soundtrack-2019)"",""khinsider_album_kind"":""official_or_gamerip"",""khinsider_album_match_score"":100.0,""relevance_score_100"":100.0,""popularity_score_100"":38.18146233882275,""score_100"":75.2725849355291,""popularity_basis"":""BeatHit master-list game rank plus track position proxy""}"
35,"Vast, Immortal Suns",Unknown credited artist,[],Starbound (starbound-unofficial-soundtrack-xone-ps4-pc-linux-macos-psv-2016),,,"[""video game soundtrack""]","[""und""]",,,,Starbound,,,khinsider_track_prominence_proxy,37.97146233882275,score_0_100,,,,75.1885849355291,,,,https://downloads.khinsider.com/game-soundtracks/album/starbound-unofficial-soundtrack-xone-ps4-pc-linux-macos-psv-2016,2026-10-05,Track title is taken from KHInsider's soundtrack/gamerip album index. Popularity is an explicitly labelled proxy based on BeatHit game rank and track prominence.,"{""culture_category"":""video_game_music"",""video_game"":""Starbound"",""game_rank"":1708,""game_association_kind"":""khinsider_game_soundtrack"",""khinsider_album_url"":""https://downloads.khinsider.com/game-soundtracks/album/starbound-unofficial-soundtrack-xone-ps4-pc-linux-macos-psv-2016"",""khinsider_album_title"":""Starbound (starbound-unofficial-soundtrack-xone-ps4-pc-linux-macos-psv-2016)"",""khinsider_album_kind"":""official_or_gamerip"",""khinsider_album_match_score"":100.0,""relevance_score_100"":100.0,""popularity_score_100"":37.97146233882275,""score_100"":75.1885849355291,""popularity_basis"":""BeatHit master-list game rank plus track position proxy""}"
36,(Experimental OST) Arctic Battle 3,Unknown credited artist,[],Starbound 1.4 - Bounty Hunter Update Soundtrack (starbound-1.4-bounty-hunter-update-soundtrack-2019),,,"[""video game soundtrack""]","[""und""]",,,,Starbound,,,khinsider_track_prominence_proxy,37.97146233882275,score_0_100,,,,75.1885849355291,,,,https://downloads.khinsider.com/game-soundtracks/album/starbound-1.4-bounty-hunter-update-soundtrack-2019,2026-10-05,Track title is taken from KHInsider's soundtrack/gamerip album index. Popularity is an explicitly labelled proxy based on BeatHit game rank and track prominence.,"{""culture_category"":""video_game_music"",""video_game"":""Starbound"",""game_rank"":1708,""game_association_kind"":""khinsider_game_soundtrack"",""khinsider_album_url"":""https://downloads.khinsider.com/game-soundtracks/album/starbound-1.4-bounty-hunter-update-soundtrack-2019"",""khinsider_album_title"":""Starbound 1.4 - Bounty Hunter Update Soundtrack (starbound-1.4-bounty-hunter-update-soundtrack-2019)"",""khinsider_album_kind"":""official_or_gamerip"",""khinsider_album_match_score"":100.0,""relevance_score_100"":100.0,""popularity_score_100"":37.97146233882275,""score_100"":75.1885849355291,""popularity_basis"":""BeatHit master-list game rank plus track position proxy""}"
37,Temple of Kluex (The Ark),Unknown credited artist,[],Starbound (starbound-unofficial-soundtrack-xone-ps4-pc-linux-macos-psv-2016),,,"[""video game soundtrack""]","[""und""]",,,,Starbound,,,khinsider_track_prominence_proxy,37.761462338822746,score_0_100,,,,75.1045849355291,,,,https://downloads.khinsider.com/game-soundtracks/album/starbound-unofficial-soundtrack-xone-ps4-pc-linux-macos-psv-2016,2026-10-05,Track title is taken from KHInsider's soundtrack/gamerip album index. Popularity is an explicitly labelled proxy based on BeatHit game rank and track prominence.,"{""culture_category"":""video_game_music"",""video_game"":""Starbound"",""game_rank"":1708,""game_association_kind"":""khinsider_game_soundtrack"",""khinsider_album_url"":""https://downloads.khinsider.com/game-soundtracks/album/starbound-unofficial-soundtrack-xone-ps4-pc-linux-macos-psv-2016"",""khinsider_album_title"":""Starbound (starbound-unofficial-soundtrack-xone-ps4-pc-linux-macos-psv-2016)"",""khinsider_album_kind"":""official_or_gamerip"",""khinsider_album_match_score"":100.0,""relevance_score_100"":100.0,""popularity_score_100"":37.761462338822746,""score_100"":75.1045849355291,""popularity_basis"":""BeatHit master-list game rank plus track position proxy""}"
38,(Experimental OST) Arctic Constellation 1,Unknown credited artist,[],Starbound 1.4 - Bounty Hunter Update Soundtrack (starbound-1.4-bounty-hunter-update-soundtrack-2019),,,"[""video game soundtrack""]","[""und""]",,,,Starbound,,,khinsider_track_prominence_proxy,37.761462338822746,score_0_100,,,,75.1045849355291,,,,https://downloads.khinsider.com/game-soundtracks/album/starbound-1.4-bounty-hunter-update-soundtrack-2019,2026-10-05,Track title is taken from KHInsider's soundtrack/gamerip album index. Popularity is an explicitly labelled proxy based on BeatHit game rank and track prominence.,"{""culture_category"":""video_game_music"",""video_game"":""Starbound"",""game_rank"":1708,""game_association_kind"":""khinsider_game_soundtrack"",""khinsider_album_url"":""https://downloads.khinsider.com/game-soundtracks/album/starbound-1.4-bounty-hunter-update-soundtrack-2019"",""khinsider_album_title"":""Starbound 1.4 - Bounty Hunter Update Soundtrack (starbound-1.4-bounty-hunter-update-soundtrack-2019)"",""khinsider_album_kind"":""official_or_gamerip"",""khinsider_album_match_score"":100.0,""relevance_score_100"":100.0,""popularity_score_100"":37.761462338822746,""score_100"":75.1045849355291,""popularity_basis"":""BeatHit master-list game rank plus track position proxy""}"
39,The Eternal Tide (Esther's Story),Unknown credited artist,[],Starbound (starbound-unofficial-soundtrack-xone-ps4-pc-linux-macos-psv-2016),,,"[""video game soundtrack""]","[""und""]",,,,Starbound,,,khinsider_track_prominence_proxy,37.551462338822745,score_0_100,,,,75.0205849355291,,,,https://downloads.khinsider.com/game-soundtracks/album/starbound-unofficial-soundtrack-xone-ps4-pc-linux-macos-psv-2016,2026-10-05,Track title is taken from KHInsider's soundtrack/gamerip album index. Popularity is an explicitly labelled proxy based on BeatHit game rank and track prominence.,"{""culture_category"":""video_game_music"",""video_game"":""Starbound"",""game_rank"":1708,""game_association_kind"":""khinsider_game_soundtrack"",""khinsider_album_url"":""https://downloads.khinsider.com/game-soundtracks/album/starbound-unofficial-soundtrack-xone-ps4-pc-linux-macos-psv-2016"",""khinsider_album_title"":""Starbound (starbound-unofficial-soundtrack-xone-ps4-pc-linux-macos-psv-2016)"",""khinsider_album_kind"":""official_or_gamerip"",""khinsider_album_match_score"":100.0,""relevance_score_100"":100.0,""popularity_score_100"":37.551462338822745,""score_100"":75.0205849355291,""popularity_basis"":""BeatHit master-list game rank plus track position proxy""}"
40,(Experimental OST) - Arctic Constellation 2,Unknown credited artist,[],Starbound 1.4 - Bounty Hunter Update Soundtrack (starbound-1.4-bounty-hunter-update-soundtrack-2019),,,"[""video game soundtrack""]","[""und""]",,,,Starbound,,,khinsider_track_prominence_proxy,37.551462338822745,score_0_100,,,,75.0205849355291,,,,https://downloads.khinsider.com/game-soundtracks/album/starbound-1.4-bounty-hunter-update-soundtrack-2019,2026-10-05,Track title is taken from KHInsider's soundtrack/gamerip album index. Popularity is an explicitly labelled proxy based on BeatHit game rank and track prominence.,"{""culture_category"":""video_game_music"",""video_game"":""Starbound"",""game_rank"":1708,""game_association_kind"":""khinsider_game_soundtrack"",""khinsider_album_url"":""https://downloads.khinsider.com/game-soundtracks/album/starbound-1.4-bounty-hunter-update-soundtrack-2019"",""khinsider_album_title"":""Starbound 1.4 - Bounty Hunter Update Soundtrack (starbound-1.4-bounty-hunter-update-soundtrack-2019)"",""khinsider_album_kind"":""official_or_gamerip"",""khinsider_album_match_score"":100.0,""relevance_score_100"":100.0,""popularity_score_100"":37.551462338822745,""score_100"":75.0205849355291,""popularity_basis"":""BeatHit master-list game rank plus track position proxy""}"
41,Ocean Battle 1 (Erchius Mining Facility),Unknown credited artist,[],Starbound (starbound-unofficial-soundtrack-xone-ps4-pc-linux-macos-psv-2016),,,"[""video game soundtrack""]","[""und""]",,,,Starbound,,,khinsider_track_prominence_proxy,37.34146233882275,score_0_100,,,,74.9365849355291,,,,https://downloads.khinsider.com/game-soundtracks/album/starbound-unofficial-soundtrack-xone-ps4-pc-linux-macos-psv-2016,2026-10-05,Track title is taken from KHInsider's soundtrack/gamerip album index. Popularity is an explicitly labelled proxy based on BeatHit game rank and track prominence.,"{""culture_category"":""video_game_music"",""video_game"":""Starbound"",""game_rank"":1708,""game_association_kind"":""khinsider_game_soundtrack"",""khinsider_album_url"":""https://downloads.khinsider.com/game-soundtracks/album/starbound-unofficial-soundtrack-xone-ps4-pc-linux-macos-psv-2016"",""khinsider_album_title"":""Starbound (starbound-unofficial-soundtrack-xone-ps4-pc-linux-macos-psv-2016)"",""khinsider_album_kind"":""official_or_gamerip"",""khinsider_album_match_score"":100.0,""relevance_score_100"":100.0,""popularity_score_100"":37.34146233882275,""score_100"":74.9365849355291,""popularity_basis"":""BeatHit master-list game rank plus track position proxy""}"
42,(Experimental OST) Arctic Exploration 1,Unknown credited artist,[],Starbound 1.4 - Bounty Hunter Update Soundtrack (starbound-1.4-bounty-hunter-update-soundtrack-2019),,,"[""video game soundtrack""]","[""und""]",,,,Starbound,,,khinsider_track_prominence_proxy,37.34146233882275,score_0_100,,,,74.9365849355291,,,,https://downloads.khinsider.com/game-soundtracks/album/starbound-1.4-bounty-hunter-update-soundtrack-2019,2026-10-05,Track title is taken from KHInsider's soundtrack/gamerip album index. Popularity is an explicitly labelled proxy based on BeatHit game rank and track prominence.,"{""culture_category"":""video_game_music"",""video_game"":""Starbound"",""game_rank"":1708,""game_association_kind"":""khinsider_game_soundtrack"",""khinsider_album_url"":""https://downloads.khinsider.com/game-soundtracks/album/starbound-1.4-bounty-hunter-update-soundtrack-2019"",""khinsider_album_title"":""Starbound 1.4 - Bounty Hunter Update Soundtrack (starbound-1.4-bounty-hunter-update-soundtrack-2019)"",""khinsider_album_kind"":""official_or_gamerip"",""khinsider_album_match_score"":100.0,""relevance_score_100"":100.0,""popularity_score_100"":37.34146233882275,""score_100"":74.9365849355291,""popularity_basis"":""BeatHit master-list game rank plus track position proxy""}"
43,Gravitational Collapse (Main Boss Theme),Unknown credited artist,[],Starbound (starbound-unofficial-soundtrack-xone-ps4-pc-linux-macos-psv-2016),,,"[""video game soundtrack""]","[""und""]",,,,Starbound,,,khinsider_track_prominence_proxy,37.13146233882274,score_0_100,,,,74.8525849355291,,,,https://downloads.khinsider.com/game-soundtracks/album/starbound-unofficial-soundtrack-xone-ps4-pc-linux-macos-psv-2016,2026-10-05,Track title is taken from KHInsider's soundtrack/gamerip album index. Popularity is an explicitly labelled proxy based on BeatHit game rank and track prominence.,"{""culture_category"":""video_game_music"",""video_game"":""Starbound"",""game_rank"":1708,""game_association_kind"":""khinsider_game_soundtrack"",""khinsider_album_url"":""https://downloads.khinsider.com/game-soundtracks/album/starbound-unofficial-soundtrack-xone-ps4-pc-linux-macos-psv-2016"",""khinsider_album_title"":""Starbound (starbound-unofficial-soundtrack-xone-ps4-pc-linux-macos-psv-2016)"",""khinsider_album_kind"":""official_or_gamerip"",""khinsider_album_match_score"":100.0,""relevance_score_100"":100.0,""popularity_score_100"":37.13146233882274,""score_100"":74.8525849355291,""popularity_basis"":""BeatHit master-list game rank plus track position proxy""}"
44,(Experimental OST) Arctic Exploration 2,Unknown credited artist,[],Starbound 1.4 - Bounty Hunter Update Soundtrack (starbound-1.4-bounty-hunter-update-soundtrack-2019),,,"[""video game soundtrack""]","[""und""]",,,,Starbound,,,khinsider_track_prominence_proxy,37.13146233882274,score_0_100,,,,74.8525849355291,,,,https://downloads.khinsider.com/game-soundtracks/album/starbound-1.4-bounty-hunter-update-soundtrack-2019,2026-10-05,Track title is taken from KHInsider's soundtrack/gamerip album index. Popularity is an explicitly labelled proxy based on BeatHit game rank and track prominence.,"{""culture_category"":""video_game_music"",""video_game"":""Starbound"",""game_rank"":1708,""game_association_kind"":""khinsider_game_soundtrack"",""khinsider_album_url"":""https://downloads.khinsider.com/game-soundtracks/album/starbound-1.4-bounty-hunter-update-soundtrack-2019"",""khinsider_album_title"":""Starbound 1.4 - Bounty Hunter Update Soundtrack (starbound-1.4-bounty-hunter-update-soundtrack-2019)"",""khinsider_album_kind"":""official_or_gamerip"",""khinsider_album_match_score"":100.0,""relevance_score_100"":100.0,""popularity_score_100"":37.13146233882274,""score_100"":74.8525849355291,""popularity_basis"":""BeatHit master-list game rank plus track position proxy""}"
45,Desert Exploration 2 (Tech Courses),Unknown credited artist,[],Starbound (starbound-unofficial-soundtrack-xone-ps4-pc-linux-macos-psv-2016),,,"[""video game soundtrack""]","[""und""]",,,,Starbound,,,khinsider_track_prominence_proxy,36.92146233882275,score_0_100,,,,74.7685849355291,,,,https://downloads.khinsider.com/game-soundtracks/album/starbound-unofficial-soundtrack-xone-ps4-pc-linux-macos-psv-2016,2026-10-05,Track title is taken from KHInsider's soundtrack/gamerip album index. Popularity is an explicitly labelled proxy based on BeatHit game rank and track prominence.,"{""culture_category"":""video_game_music"",""video_game"":""Starbound"",""game_rank"":1708,""game_association_kind"":""khinsider_game_soundtrack"",""khinsider_album_url"":""https://downloads.khinsider.com/game-soundtracks/album/starbound-unofficial-soundtrack-xone-ps4-pc-linux-macos-psv-2016"",""khinsider_album_title"":""Starbound (starbound-unofficial-soundtrack-xone-ps4-pc-linux-macos-psv-2016)"",""khinsider_album_kind"":""official_or_gamerip"",""khinsider_album_match_score"":100.0,""relevance_score_100"":100.0,""popularity_score_100"":36.92146233882275,""score_100"":74.7685849355291,""popularity_basis"":""BeatHit master-list game rank plus track position proxy""}"
46,(Experimental OST) Crystal Battle 1,Unknown credited artist,[],Starbound 1.4 - Bounty Hunter Update Soundtrack (starbound-1.4-bounty-hunter-update-soundtrack-2019),,,"[""video game soundtrack""]","[""und""]",,,,Starbound,,,khinsider_track_prominence_proxy,36.92146233882275,score_0_100,,,,74.7685849355291,,,,https://downloads.khinsider.com/game-soundtracks/album/starbound-1.4-bounty-hunter-update-soundtrack-2019,2026-10-05,Track title is taken from KHInsider's soundtrack/gamerip album index. Popularity is an explicitly labelled proxy based on BeatHit game rank and track prominence.,"{""culture_category"":""video_game_music"",""video_game"":""Starbound"",""game_rank"":1708,""game_association_kind"":""khinsider_game_soundtrack"",""khinsider_album_url"":""https://downloads.khinsider.com/game-soundtracks/album/starbound-1.4-bounty-hunter-update-soundtrack-2019"",""khinsider_album_title"":""Starbound 1.4 - Bounty Hunter Update Soundtrack (starbound-1.4-bounty-hunter-update-soundtrack-2019)"",""khinsider_album_kind"":""official_or_gamerip"",""khinsider_album_match_score"":100.0,""relevance_score_100"":100.0,""popularity_score_100"":36.92146233882275,""score_100"":74.7685849355291,""popularity_basis"":""BeatHit master-list game rank plus track position proxy""}"
47,The Peacekeepers (Peacekeeper Stations),Unknown credited artist,[],Starbound (starbound-unofficial-soundtrack-xone-ps4-pc-linux-macos-psv-2016),,,"[""video game soundtrack""]","[""und""]",,,,Starbound,,,khinsider_track_prominence_proxy,36.71146233882274,score_0_100,,,,74.6845849355291,,,,https://downloads.khinsider.com/game-soundtracks/album/starbound-unofficial-soundtrack-xone-ps4-pc-linux-macos-psv-2016,2026-10-05,Track title is taken from KHInsider's soundtrack/gamerip album index. Popularity is an explicitly labelled proxy based on BeatHit game rank and track prominence.,"{""culture_category"":""video_game_music"",""video_game"":""Starbound"",""game_rank"":1708,""game_association_kind"":""khinsider_game_soundtrack"",""khinsider_album_url"":""https://downloads.khinsider.com/game-soundtracks/album/starbound-unofficial-soundtrack-xone-ps4-pc-linux-macos-psv-2016"",""khinsider_album_title"":""Starbound (starbound-unofficial-soundtrack-xone-ps4-pc-linux-macos-psv-2016)"",""khinsider_album_kind"":""official_or_gamerip"",""khinsider_album_match_score"":100.0,""relevance_score_100"":100.0,""popularity_score_100"":36.71146233882274,""score_100"":74.6845849355291,""popularity_basis"":""BeatHit master-list game rank plus track position proxy""}"
48,(Experimetnal OST) Crystal Exploration 1,Unknown credited artist,[],Starbound 1.4 - Bounty Hunter Update Soundtrack (starbound-1.4-bounty-hunter-update-soundtrack-2019),,,"[""video game soundtrack""]","[""und""]",,,,Starbound,,,khinsider_track_prominence_proxy,36.71146233882274,score_0_100,,,,74.6845849355291,,,,https://downloads.khinsider.com/game-soundtracks/album/starbound-1.4-bounty-hunter-update-soundtrack-2019,2026-10-05,Track title is taken from KHInsider's soundtrack/gamerip album index. Popularity is an explicitly labelled proxy based on BeatHit game rank and track prominence.,"{""culture_category"":""video_game_music"",""video_game"":""Starbound"",""game_rank"":1708,""game_association_kind"":""khinsider_game_soundtrack"",""khinsider_album_url"":""https://downloads.khinsider.com/game-soundtracks/album/starbound-1.4-bounty-hunter-update-soundtrack-2019"",""khinsider_album_title"":""Starbound 1.4 - Bounty Hunter Update Soundtrack (starbound-1.4-bounty-hunter-update-soundtrack-2019)"",""khinsider_album_kind"":""official_or_gamerip"",""khinsider_album_match_score"":100.0,""relevance_score_100"":100.0,""popularity_score_100"":36.71146233882274,""score_100"":74.6845849355291,""popularity_basis"":""BeatHit master-list game rank plus track position proxy""}"
49,Dead or Alive (VS. Criminal Encounters),Unknown credited artist,[],Starbound (starbound-unofficial-soundtrack-xone-ps4-pc-linux-macos-psv-2016),,,"[""video game soundtrack""]","[""und""]",,,,Starbound,,,khinsider_track_prominence_proxy,36.50146233882275,score_0_100,,,,74.6005849355291,,,,https://downloads.khinsider.com/game-soundtracks/album/starbound-unofficial-soundtrack-xone-ps4-pc-linux-macos-psv-2016,2026-10-05,Track title is taken from KHInsider's soundtrack/gamerip album index. Popularity is an explicitly labelled proxy based on BeatHit game rank and track prominence.,"{""culture_category"":""video_game_music"",""video_game"":""Starbound"",""game_rank"":1708,""game_association_kind"":""khinsider_game_soundtrack"",""khinsider_album_url"":""https://downloads.khinsider.com/game-soundtracks/album/starbound-unofficial-soundtrack-xone-ps4-pc-linux-macos-psv-2016"",""khinsider_album_title"":""Starbound (starbound-unofficial-soundtrack-xone-ps4-pc-linux-macos-psv-2016)"",""khinsider_album_kind"":""official_or_gamerip"",""khinsider_album_match_score"":100.0,""relevance_score_100"":100.0,""popularity_score_100"":36.50146233882275,""score_100"":74.6005849355291,""popularity_basis"":""BeatHit master-list game rank plus track position proxy""}"
50,(Experimetnal OST) Crystal Exploration 2,Unknown credited artist,[],Starbound 1.4 - Bounty Hunter Update Soundtrack (starbound-1.4-bounty-hunter-update-soundtrack-2019),,,"[""video game soundtrack""]","[""und""]",,,,Starbound,,,khinsider_track_prominence_proxy,36.50146233882275,score_0_100,,,,74.6005849355291,,,,https://downloads.khinsider.com/game-soundtracks/album/starbound-1.4-bounty-hunter-update-soundtrack-2019,2026-10-05,Track title is taken from KHInsider's soundtrack/gamerip album index. Popularity is an explicitly labelled proxy based on BeatHit game rank and track prominence.,"{""culture_category"":""video_game_music"",""video_game"":""Starbound"",""game_rank"":1708,""game_association_kind"":""khinsider_game_soundtrack"",""khinsider_album_url"":""https://downloads.khinsider.com/game-soundtracks/album/starbound-1.4-bounty-hunter-update-soundtrack-2019"",""khinsider_album_title"":""Starbound 1.4 - Bounty Hunter Update Soundtrack (starbound-1.4-bounty-hunter-update-soundtrack-2019)"",""khinsider_album_kind"":""official_or_gamerip"",""khinsider_album_match_score"":100.0,""relevance_score_100"":100.0,""popularity_score_100"":36.50146233882275,""score_100"":74.6005849355291,""popularity_basis"":""BeatHit master-list game rank plus track position proxy""}"
51,Housecleaning (VS. VR Encounters),Unknown credited artist,[],Starbound (starbound-unofficial-soundtrack-xone-ps4-pc-linux-macos-psv-2016),,,"[""video game soundtrack""]","[""und""]",,,,Starbound,,,khinsider_track_prominence_proxy,36.29146233882275,score_0_100,,,,74.5165849355291,,,,https://downloads.khinsider.com/game-soundtracks/album/starbound-unofficial-soundtrack-xone-ps4-pc-linux-macos-psv-2016,2026-10-05,Track title is taken from KHInsider's soundtrack/gamerip album index. Popularity is an explicitly labelled proxy based on BeatHit game rank and track prominence.,"{""culture_category"":""video_game_music"",""video_game"":""Starbound"",""game_rank"":1708,""game_association_kind"":""khinsider_game_soundtrack"",""khinsider_album_url"":""https://downloads.khinsider.com/game-soundtracks/album/starbound-unofficial-soundtrack-xone-ps4-pc-linux-macos-psv-2016"",""khinsider_album_title"":""Starbound (starbound-unofficial-soundtrack-xone-ps4-pc-linux-macos-psv-2016)"",""khinsider_album_kind"":""official_or_gamerip"",""khinsider_album_match_score"":100.0,""relevance_score_100"":100.0,""popularity_score_100"":36.29146233882275,""score_100"":74.5165849355291,""popularity_basis"":""BeatHit master-list game rank plus track position proxy""}"
52,(Experimental OST) Desert Battle 2,Unknown credited artist,[],Starbound 1.4 - Bounty Hunter Update Soundtrack (starbound-1.4-bounty-hunter-update-soundtrack-2019),,,"[""video game soundtrack""]","[""und""]",,,,Starbound,,,khinsider_track_prominence_proxy,36.29146233882275,score_0_100,,,,74.5165849355291,,,,https://downloads.khinsider.com/game-soundtracks/album/starbound-1.4-bounty-hunter-update-soundtrack-2019,2026-10-05,Track title is taken from KHInsider's soundtrack/gamerip album index. Popularity is an explicitly labelled proxy based on BeatHit game rank and track prominence.,"{""culture_category"":""video_game_music"",""video_game"":""Starbound"",""game_rank"":1708,""game_association_kind"":""khinsider_game_soundtrack"",""khinsider_album_url"":""https://downloads.khinsider.com/game-soundtracks/album/starbound-1.4-bounty-hunter-update-soundtrack-2019"",""khinsider_album_title"":""Starbound 1.4 - Bounty Hunter Update Soundtrack (starbound-1.4-bounty-hunter-update-soundtrack-2019)"",""khinsider_album_kind"":""official_or_gamerip"",""khinsider_album_match_score"":100.0,""relevance_score_100"":100.0,""popularity_score_100"":36.29146233882275,""score_100"":74.5165849355291,""popularity_basis"":""BeatHit master-list game rank plus track position proxy""}"
53,Lava Exploration 2 (Ceremonial Hunting Caverns),Unknown credited artist,[],Starbound (starbound-unofficial-soundtrack-xone-ps4-pc-linux-macos-psv-2016),,,"[""video game soundtrack""]","[""und""]",,,,Starbound,,,khinsider_track_prominence_proxy,36.081462338822746,score_0_100,,,,74.43258493552909,,,,https://downloads.khinsider.com/game-soundtracks/album/starbound-unofficial-soundtrack-xone-ps4-pc-linux-macos-psv-2016,2026-10-05,Track title is taken from KHInsider's soundtrack/gamerip album index. Popularity is an explicitly labelled proxy based on BeatHit game rank and track prominence.,"{""culture_category"":""video_game_music"",""video_game"":""Starbound"",""game_rank"":1708,""game_association_kind"":""khinsider_game_soundtrack"",""khinsider_album_url"":""https://downloads.khinsider.com/game-soundtracks/album/starbound-unofficial-soundtrack-xone-ps4-pc-linux-macos-psv-2016"",""khinsider_album_title"":""Starbound (starbound-unofficial-soundtrack-xone-ps4-pc-linux-macos-psv-2016)"",""khinsider_album_kind"":""official_or_gamerip"",""khinsider_album_match_score"":100.0,""relevance_score_100"":100.0,""popularity_score_100"":36.081462338822746,""score_100"":74.43258493552909,""popularity_basis"":""BeatHit master-list game rank plus track position proxy""}"
54,(Experimental OST) Desert Exploration 1,Unknown credited artist,[],Starbound 1.4 - Bounty Hunter Update Soundtrack (starbound-1.4-bounty-hunter-update-soundtrack-2019),,,"[""video game soundtrack""]","[""und""]",,,,Starbound,,,khinsider_track_prominence_proxy,36.081462338822746,score_0_100,,,,74.43258493552909,,,,https://downloads.khinsider.com/game-soundtracks/album/starbound-1.4-bounty-hunter-update-soundtrack-2019,2026-10-05,Track title is taken from KHInsider's soundtrack/gamerip album index. Popularity is an explicitly labelled proxy based on BeatHit game rank and track prominence.,"{""culture_category"":""video_game_music"",""video_game"":""Starbound"",""game_rank"":1708,""game_association_kind"":""khinsider_game_soundtrack"",""khinsider_album_url"":""https://downloads.khinsider.com/game-soundtracks/album/starbound-1.4-bounty-hunter-update-soundtrack-2019"",""khinsider_album_title"":""Starbound 1.4 - Bounty Hunter Update Soundtrack (starbound-1.4-bounty-hunter-update-soundtrack-2019)"",""khinsider_album_kind"":""official_or_gamerip"",""khinsider_album_match_score"":100.0,""relevance_score_100"":100.0,""popularity_score_100"":36.081462338822746,""score_100"":74.43258493552909,""popularity_basis"":""BeatHit master-list game rank plus track position proxy""}"
55,Arctic Exploration 1,Unknown credited artist,[],Starbound (starbound-unofficial-soundtrack-xone-ps4-pc-linux-macos-psv-2016),,,"[""video game soundtrack""]","[""und""]",,,,Starbound,,,khinsider_track_prominence_proxy,35.871462338822745,score_0_100,,,,74.3485849355291,,,,https://downloads.khinsider.com/game-soundtracks/album/starbound-unofficial-soundtrack-xone-ps4-pc-linux-macos-psv-2016,2026-10-05,Track title is taken from KHInsider's soundtrack/gamerip album index. Popularity is an explicitly labelled proxy based on BeatHit game rank and track prominence.,"{""culture_category"":""video_game_music"",""video_game"":""Starbound"",""game_rank"":1708,""game_association_kind"":""khinsider_game_soundtrack"",""khinsider_album_url"":""https://downloads.khinsider.com/game-soundtracks/album/starbound-unofficial-soundtrack-xone-ps4-pc-linux-macos-psv-2016"",""khinsider_album_title"":""Starbound (starbound-unofficial-soundtrack-xone-ps4-pc-linux-macos-psv-2016)"",""khinsider_album_kind"":""official_or_gamerip"",""khinsider_album_match_score"":100.0,""relevance_score_100"":100.0,""popularity_score_100"":35.871462338822745,""score_100"":74.3485849355291,""popularity_basis"":""BeatHit master-list game rank plus track position proxy""}"
56,(Experimental OST) Desert Exploration 2,Unknown credited artist,[],Starbound 1.4 - Bounty Hunter Update Soundtrack (starbound-1.4-bounty-hunter-update-soundtrack-2019),,,"[""video game soundtrack""]","[""und""]",,,,Starbound,,,khinsider_track_prominence_proxy,35.871462338822745,score_0_100,,,,74.3485849355291,,,,https://downloads.khinsider.com/game-soundtracks/album/starbound-1.4-bounty-hunter-update-soundtrack-2019,2026-10-05,Track title is taken from KHInsider's soundtrack/gamerip album index. Popularity is an explicitly labelled proxy based on BeatHit game rank and track prominence.,"{""culture_category"":""video_game_music"",""video_game"":""Starbound"",""game_rank"":1708,""game_association_kind"":""khinsider_game_soundtrack"",""khinsider_album_url"":""https://downloads.khinsider.com/game-soundtracks/album/starbound-1.4-bounty-hunter-update-soundtrack-2019"",""khinsider_album_title"":""Starbound 1.4 - Bounty Hunter Update Soundtrack (starbound-1.4-bounty-hunter-update-soundtrack-2019)"",""khinsider_album_kind"":""official_or_gamerip"",""khinsider_album_match_score"":100.0,""relevance_score_100"":100.0,""popularity_score_100"":35.871462338822745,""score_100"":74.3485849355291,""popularity_basis"":""BeatHit master-list game rank plus track position proxy""}"
57,Arctic Exploration 2,Unknown credited artist,[],Starbound (starbound-unofficial-soundtrack-xone-ps4-pc-linux-macos-psv-2016),,,"[""video game soundtrack""]","[""und""]",,,,Starbound,,,khinsider_track_prominence_proxy,35.661462338822744,score_0_100,,,,74.2645849355291,,,,https://downloads.khinsider.com/game-soundtracks/album/starbound-unofficial-soundtrack-xone-ps4-pc-linux-macos-psv-2016,2026-10-05,Track title is taken from KHInsider's soundtrack/gamerip album index. Popularity is an explicitly labelled proxy based on BeatHit game rank and track prominence.,"{""culture_category"":""video_game_music"",""video_game"":""Starbound"",""game_rank"":1708,""game_association_kind"":""khinsider_game_soundtrack"",""khinsider_album_url"":""https://downloads.khinsider.com/game-soundtracks/album/starbound-unofficial-soundtrack-xone-ps4-pc-linux-macos-psv-2016"",""khinsider_album_title"":""Starbound (starbound-unofficial-soundtrack-xone-ps4-pc-linux-macos-psv-2016)"",""khinsider_album_kind"":""official_or_gamerip"",""khinsider_album_match_score"":100.0,""relevance_score_100"":100.0,""popularity_score_100"":35.661462338822744,""score_100"":74.2645849355291,""popularity_basis"":""BeatHit master-list game rank plus track position proxy""}"
58,(Experimental OST) Glitch,Unknown credited artist,[],Starbound 1.4 - Bounty Hunter Update Soundtrack (starbound-1.4-bounty-hunter-update-soundtrack-2019),,,"[""video game soundtrack""]","[""und""]",,,,Starbound,,,khinsider_track_prominence_proxy,35.661462338822744,score_0_100,,,,74.2645849355291,,,,https://downloads.khinsider.com/game-soundtracks/album/starbound-1.4-bounty-hunter-update-soundtrack-2019,2026-10-05,Track title is taken from KHInsider's soundtrack/gamerip album index. Popularity is an explicitly labelled proxy based on BeatHit game rank and track prominence.,"{""culture_category"":""video_game_music"",""video_game"":""Starbound"",""game_rank"":1708,""game_association_kind"":""khinsider_game_soundtrack"",""khinsider_album_url"":""https://downloads.khinsider.com/game-soundtracks/album/starbound-1.4-bounty-hunter-update-soundtrack-2019"",""khinsider_album_title"":""Starbound 1.4 - Bounty Hunter Update Soundtrack (starbound-1.4-bounty-hunter-update-soundtrack-2019)"",""khinsider_album_kind"":""official_or_gamerip"",""khinsider_album_match_score"":100.0,""relevance_score_100"":100.0,""popularity_score_100"":35.661462338822744,""score_100"":74.2645849355291,""popularity_basis"":""BeatHit master-list game rank plus track position proxy""}"
59,I Was the Sun (Before It Was Cool) (The Arena),Unknown credited artist,[],Starbound (starbound-unofficial-soundtrack-xone-ps4-pc-linux-macos-psv-2016),,,"[""video game soundtrack""]","[""und""]",,,,Starbound,,,khinsider_track_prominence_proxy,35.45146233882275,score_0_100,,,,74.1805849355291,,,,https://downloads.khinsider.com/game-soundtracks/album/starbound-unofficial-soundtrack-xone-ps4-pc-linux-macos-psv-2016,2026-10-05,Track title is taken from KHInsider's soundtrack/gamerip album index. Popularity is an explicitly labelled proxy based on BeatHit game rank and track prominence.,"{""culture_category"":""video_game_music"",""video_game"":""Starbound"",""game_rank"":1708,""game_association_kind"":""khinsider_game_soundtrack"",""khinsider_album_url"":""https://downloads.khinsider.com/game-soundtracks/album/starbound-unofficial-soundtrack-xone-ps4-pc-linux-macos-psv-2016"",""khinsider_album_title"":""Starbound (starbound-unofficial-soundtrack-xone-ps4-pc-linux-macos-psv-2016)"",""khinsider_album_kind"":""official_or_gamerip"",""khinsider_album_match_score"":100.0,""relevance_score_100"":100.0,""popularity_score_100"":35.45146233882275,""score_100"":74.1805849355291,""popularity_basis"":""BeatHit master-list game rank plus track position proxy""}"
60,(Experimental OST) Inviolate,Unknown credited artist,[],Starbound 1.4 - Bounty Hunter Update Soundtrack (starbound-1.4-bounty-hunter-update-soundtrack-2019),,,"[""video game soundtrack""]","[""und""]",,,,Starbound,,,khinsider_track_prominence_proxy,35.45146233882275,score_0_100,,,,74.1805849355291,,,,https://downloads.khinsider.com/game-soundtracks/album/starbound-1.4-bounty-hunter-update-soundtrack-2019,2026-10-05,Track title is taken from KHInsider's soundtrack/gamerip album index. Popularity is an explicitly labelled proxy based on BeatHit game rank and track prominence.,"{""culture_category"":""video_game_music"",""video_game"":""Starbound"",""game_rank"":1708,""game_association_kind"":""khinsider_game_soundtrack"",""khinsider_album_url"":""https://downloads.khinsider.com/game-soundtracks/album/starbound-1.4-bounty-hunter-update-soundtrack-2019"",""khinsider_album_title"":""Starbound 1.4 - Bounty Hunter Update Soundtrack (starbound-1.4-bounty-hunter-update-soundtrack-2019)"",""khinsider_album_kind"":""official_or_gamerip"",""khinsider_album_match_score"":100.0,""relevance_score_100"":100.0,""popularity_score_100"":35.45146233882275,""score_100"":74.1805849355291,""popularity_basis"":""BeatHit master-list game rank plus track position proxy""}"
61,Event Horizon (VS. Arena Boss 2),Unknown credited artist,[],Starbound (starbound-unofficial-soundtrack-xone-ps4-pc-linux-macos-psv-2016),,,"[""video game soundtrack""]","[""und""]",,,,Starbound,,,khinsider_track_prominence_proxy,35.24146233882274,score_0_100,,,,74.0965849355291,,,,https://downloads.khinsider.com/game-soundtracks/album/starbound-unofficial-soundtrack-xone-ps4-pc-linux-macos-psv-2016,2026-10-05,Track title is taken from KHInsider's soundtrack/gamerip album index. Popularity is an explicitly labelled proxy based on BeatHit game rank and track prominence.,"{""culture_category"":""video_game_music"",""video_game"":""Starbound"",""game_rank"":1708,""game_association_kind"":""khinsider_game_soundtrack"",""khinsider_album_url"":""https://downloads.khinsider.com/game-soundtracks/album/starbound-unofficial-soundtrack-xone-ps4-pc-linux-macos-psv-2016"",""khinsider_album_title"":""Starbound (starbound-unofficial-soundtrack-xone-ps4-pc-linux-macos-psv-2016)"",""khinsider_album_kind"":""official_or_gamerip"",""khinsider_album_match_score"":100.0,""relevance_score_100"":100.0,""popularity_score_100"":35.24146233882274,""score_100"":74.0965849355291,""popularity_basis"":""BeatHit master-list game rank plus track position proxy""}"
62,(Experimental OST) Lava Exploration 2,Unknown credited artist,[],Starbound 1.4 - Bounty Hunter Update Soundtrack (starbound-1.4-bounty-hunter-update-soundtrack-2019),,,"[""video game soundtrack""]","[""und""]",,,,Starbound,,,khinsider_track_prominence_proxy,35.24146233882274,score_0_100,,,,74.0965849355291,,,,https://downloads.khinsider.com/game-soundtracks/album/starbound-1.4-bounty-hunter-update-soundtrack-2019,2026-10-05,Track title is taken from KHInsider's soundtrack/gamerip album index. Popularity is an explicitly labelled proxy based on BeatHit game rank and track prominence.,"{""culture_category"":""video_game_music"",""video_game"":""Starbound"",""game_rank"":1708,""game_association_kind"":""khinsider_game_soundtrack"",""khinsider_album_url"":""https://downloads.khinsider.com/game-soundtracks/album/starbound-1.4-bounty-hunter-update-soundtrack-2019"",""khinsider_album_title"":""Starbound 1.4 - Bounty Hunter Update Soundtrack (starbound-1.4-bounty-hunter-update-soundtrack-2019)"",""khinsider_album_kind"":""official_or_gamerip"",""khinsider_album_match_score"":100.0,""relevance_score_100"":100.0,""popularity_score_100"":35.24146233882274,""score_100"":74.0965849355291,""popularity_basis"":""BeatHit master-list game rank plus track position proxy""}"
63,Impact Event (VS. Arena Boss 3),Unknown credited artist,[],Starbound (starbound-unofficial-soundtrack-xone-ps4-pc-linux-macos-psv-2016),,,"[""video game soundtrack""]","[""und""]",,,,Starbound,,,khinsider_track_prominence_proxy,35.03146233882275,score_0_100,,,,74.0125849355291,,,,https://downloads.khinsider.com/game-soundtracks/album/starbound-unofficial-soundtrack-xone-ps4-pc-linux-macos-psv-2016,2026-10-05,Track title is taken from KHInsider's soundtrack/gamerip album index. Popularity is an explicitly labelled proxy based on BeatHit game rank and track prominence.,"{""culture_category"":""video_game_music"",""video_game"":""Starbound"",""game_rank"":1708,""game_association_kind"":""khinsider_game_soundtrack"",""khinsider_album_url"":""https://downloads.khinsider.com/game-soundtracks/album/starbound-unofficial-soundtrack-xone-ps4-pc-linux-macos-psv-2016"",""khinsider_album_title"":""Starbound (starbound-unofficial-soundtrack-xone-ps4-pc-linux-macos-psv-2016)"",""khinsider_album_kind"":""official_or_gamerip"",""khinsider_album_match_score"":100.0,""relevance_score_100"":100.0,""popularity_score_100"":35.03146233882275,""score_100"":74.0125849355291,""popularity_basis"":""BeatHit master-list game rank plus track position proxy""}"
64,(Experimental OST) Lava Exploration 1,Unknown credited artist,[],Starbound 1.4 - Bounty Hunter Update Soundtrack (starbound-1.4-bounty-hunter-update-soundtrack-2019),,,"[""video game soundtrack""]","[""und""]",,,,Starbound,,,khinsider_track_prominence_proxy,35.03146233882275,score_0_100,,,,74.0125849355291,,,,https://downloads.khinsider.com/game-soundtracks/album/starbound-1.4-bounty-hunter-update-soundtrack-2019,2026-10-05,Track title is taken from KHInsider's soundtrack/gamerip album index. Popularity is an explicitly labelled proxy based on BeatHit game rank and track prominence.,"{""culture_category"":""video_game_music"",""video_game"":""Starbound"",""game_rank"":1708,""game_association_kind"":""khinsider_game_soundtrack"",""khinsider_album_url"":""https://downloads.khinsider.com/game-soundtracks/album/starbound-1.4-bounty-hunter-update-soundtrack-2019"",""khinsider_album_title"":""Starbound 1.4 - Bounty Hunter Update Soundtrack (starbound-1.4-bounty-hunter-update-soundtrack-2019)"",""khinsider_album_kind"":""official_or_gamerip"",""khinsider_album_match_score"":100.0,""relevance_score_100"":100.0,""popularity_score_100"":35.03146233882275,""score_100"":74.0125849355291,""popularity_basis"":""BeatHit master-list game rank plus track position proxy""}"
65,Arctic Battle 2 (VS. Dreadwing the Penguin),Unknown credited artist,[],Starbound (starbound-unofficial-soundtrack-xone-ps4-pc-linux-macos-psv-2016),,,"[""video game soundtrack""]","[""und""]",,,,Starbound,,,khinsider_track_prominence_proxy,34.82146233882274,score_0_100,,,,73.9285849355291,,,,https://downloads.khinsider.com/game-soundtracks/album/starbound-unofficial-soundtrack-xone-ps4-pc-linux-macos-psv-2016,2026-10-05,Track title is taken from KHInsider's soundtrack/gamerip album index. Popularity is an explicitly labelled proxy based on BeatHit game rank and track prominence.,"{""culture_category"":""video_game_music"",""video_game"":""Starbound"",""game_rank"":1708,""game_association_kind"":""khinsider_game_soundtrack"",""khinsider_album_url"":""https://downloads.khinsider.com/game-soundtracks/album/starbound-unofficial-soundtrack-xone-ps4-pc-linux-macos-psv-2016"",""khinsider_album_title"":""Starbound (starbound-unofficial-soundtrack-xone-ps4-pc-linux-macos-psv-2016)"",""khinsider_album_kind"":""official_or_gamerip"",""khinsider_album_match_score"":100.0,""relevance_score_100"":100.0,""popularity_score_100"":34.82146233882274,""score_100"":73.9285849355291,""popularity_basis"":""BeatHit master-list game rank plus track position proxy""}"
66,(Experimental OST) Ocean Battle 1,Unknown credited artist,[],Starbound 1.4 - Bounty Hunter Update Soundtrack (starbound-1.4-bounty-hunter-update-soundtrack-2019),,,"[""video game soundtrack""]","[""und""]",,,,Starbound,,,khinsider_track_prominence_proxy,34.82146233882274,score_0_100,,,,73.9285849355291,,,,https://downloads.khinsider.com/game-soundtracks/album/starbound-1.4-bounty-hunter-update-soundtrack-2019,2026-10-05,Track title is taken from KHInsider's soundtrack/gamerip album index. Popularity is an explicitly labelled proxy based on BeatHit game rank and track prominence.,"{""culture_category"":""video_game_music"",""video_game"":""Starbound"",""game_rank"":1708,""game_association_kind"":""khinsider_game_soundtrack"",""khinsider_album_url"":""https://downloads.khinsider.com/game-soundtracks/album/starbound-1.4-bounty-hunter-update-soundtrack-2019"",""khinsider_album_title"":""Starbound 1.4 - Bounty Hunter Update Soundtrack (starbound-1.4-bounty-hunter-update-soundtrack-2019)"",""khinsider_album_kind"":""official_or_gamerip"",""khinsider_album_match_score"":100.0,""relevance_score_100"":100.0,""popularity_score_100"":34.82146233882274,""score_100"":73.9285849355291,""popularity_basis"":""BeatHit master-list game rank plus track position proxy""}"
67,The Deep (Grand Pagoda Library),Unknown credited artist,[],Starbound (starbound-unofficial-soundtrack-xone-ps4-pc-linux-macos-psv-2016),,,"[""video game soundtrack""]","[""und""]",,,,Starbound,,,khinsider_track_prominence_proxy,34.61146233882275,score_0_100,,,,73.8445849355291,,,,https://downloads.khinsider.com/game-soundtracks/album/starbound-unofficial-soundtrack-xone-ps4-pc-linux-macos-psv-2016,2026-10-05,Track title is taken from KHInsider's soundtrack/gamerip album index. Popularity is an explicitly labelled proxy based on BeatHit game rank and track prominence.,"{""culture_category"":""video_game_music"",""video_game"":""Starbound"",""game_rank"":1708,""game_association_kind"":""khinsider_game_soundtrack"",""khinsider_album_url"":""https://downloads.khinsider.com/game-soundtracks/album/starbound-unofficial-soundtrack-xone-ps4-pc-linux-macos-psv-2016"",""khinsider_album_title"":""Starbound (starbound-unofficial-soundtrack-xone-ps4-pc-linux-macos-psv-2016)"",""khinsider_album_kind"":""official_or_gamerip"",""khinsider_album_match_score"":100.0,""relevance_score_100"":100.0,""popularity_score_100"":34.61146233882275,""score_100"":73.8445849355291,""popularity_basis"":""BeatHit master-list game rank plus track position proxy""}"
68,(Experimental OST) Ocean Exploration 2,Unknown credited artist,[],Starbound 1.4 - Bounty Hunter Update Soundtrack (starbound-1.4-bounty-hunter-update-soundtrack-2019),,,"[""video game soundtrack""]","[""und""]",,,,Starbound,,,khinsider_track_prominence_proxy,34.61146233882275,score_0_100,,,,73.8445849355291,,,,https://downloads.khinsider.com/game-soundtracks/album/starbound-1.4-bounty-hunter-update-soundtrack-2019,2026-10-05,Track title is taken from KHInsider's soundtrack/gamerip album index. Popularity is an explicitly labelled proxy based on BeatHit game rank and track prominence.,"{""culture_category"":""video_game_music"",""video_game"":""Starbound"",""game_rank"":1708,""game_association_kind"":""khinsider_game_soundtrack"",""khinsider_album_url"":""https://downloads.khinsider.com/game-soundtracks/album/starbound-1.4-bounty-hunter-update-soundtrack-2019"",""khinsider_album_title"":""Starbound 1.4 - Bounty Hunter Update Soundtrack (starbound-1.4-bounty-hunter-update-soundtrack-2019)"",""khinsider_album_kind"":""official_or_gamerip"",""khinsider_album_match_score"":100.0,""relevance_score_100"":100.0,""popularity_score_100"":34.61146233882275,""score_100"":73.8445849355291,""popularity_basis"":""BeatHit master-list game rank plus track position proxy""}"
69,Arctic Battle 3 (VS. Asra Nox),Unknown credited artist,[],Starbound (starbound-unofficial-soundtrack-xone-ps4-pc-linux-macos-psv-2016),,,"[""video game soundtrack""]","[""und""]",,,,Starbound,,,khinsider_track_prominence_proxy,34.40146233882275,score_0_100,,,,73.7605849355291,,,,https://downloads.khinsider.com/game-soundtracks/album/starbound-unofficial-soundtrack-xone-ps4-pc-linux-macos-psv-2016,2026-10-05,Track title is taken from KHInsider's soundtrack/gamerip album index. Popularity is an explicitly labelled proxy based on BeatHit game rank and track prominence.,"{""culture_category"":""video_game_music"",""video_game"":""Starbound"",""game_rank"":1708,""game_association_kind"":""khinsider_game_soundtrack"",""khinsider_album_url"":""https://downloads.khinsider.com/game-soundtracks/album/starbound-unofficial-soundtrack-xone-ps4-pc-linux-macos-psv-2016"",""khinsider_album_title"":""Starbound (starbound-unofficial-soundtrack-xone-ps4-pc-linux-macos-psv-2016)"",""khinsider_album_kind"":""official_or_gamerip"",""khinsider_album_match_score"":100.0,""relevance_score_100"":100.0,""popularity_score_100"":34.40146233882275,""score_100"":73.7605849355291,""popularity_basis"":""BeatHit master-list game rank plus track position proxy""}"
70,(Experimental OST) Tentacle Battle 1,Unknown credited artist,[],Starbound 1.4 - Bounty Hunter Update Soundtrack (starbound-1.4-bounty-hunter-update-soundtrack-2019),,,"[""video game soundtrack""]","[""und""]",,,,Starbound,,,khinsider_track_prominence_proxy,34.40146233882275,score_0_100,,,,73.7605849355291,,,,https://downloads.khinsider.com/game-soundtracks/album/starbound-1.4-bounty-hunter-update-soundtrack-2019,2026-10-05,Track title is taken from KHInsider's soundtrack/gamerip album index. Popularity is an explicitly labelled proxy based on BeatHit game rank and track prominence.,"{""culture_category"":""video_game_music"",""video_game"":""Starbound"",""game_rank"":1708,""game_association_kind"":""khinsider_game_soundtrack"",""khinsider_album_url"":""https://downloads.khinsider.com/game-soundtracks/album/starbound-1.4-bounty-hunter-update-soundtrack-2019"",""khinsider_album_title"":""Starbound 1.4 - Bounty Hunter Update Soundtrack (starbound-1.4-bounty-hunter-update-soundtrack-2019)"",""khinsider_album_kind"":""official_or_gamerip"",""khinsider_album_match_score"":100.0,""relevance_score_100"":100.0,""popularity_score_100"":34.40146233882275,""score_100"":73.7605849355291,""popularity_basis"":""BeatHit master-list game rank plus track position proxy""}"
71,Body Electric,Unknown credited artist,[],Starbound (starbound-unofficial-soundtrack-xone-ps4-pc-linux-macos-psv-2016),,,"[""video game soundtrack""]","[""und""]",,,,Starbound,,,khinsider_track_prominence_proxy,34.191462338822745,score_0_100,,,,73.67658493552909,,,,https://downloads.khinsider.com/game-soundtracks/album/starbound-unofficial-soundtrack-xone-ps4-pc-linux-macos-psv-2016,2026-10-05,Track title is taken from KHInsider's soundtrack/gamerip album index. Popularity is an explicitly labelled proxy based on BeatHit game rank and track prominence.,"{""culture_category"":""video_game_music"",""video_game"":""Starbound"",""game_rank"":1708,""game_association_kind"":""khinsider_game_soundtrack"",""khinsider_album_url"":""https://downloads.khinsider.com/game-soundtracks/album/starbound-unofficial-soundtrack-xone-ps4-pc-linux-macos-psv-2016"",""khinsider_album_title"":""Starbound (starbound-unofficial-soundtrack-xone-ps4-pc-linux-macos-psv-2016)"",""khinsider_album_kind"":""official_or_gamerip"",""khinsider_album_match_score"":100.0,""relevance_score_100"":100.0,""popularity_score_100"":34.191462338822745,""score_100"":73.67658493552909,""popularity_basis"":""BeatHit master-list game rank plus track position proxy""}"
72,(Experimental OST) Tentacle Exploration 1,Unknown credited artist,[],Starbound 1.4 - Bounty Hunter Update Soundtrack (starbound-1.4-bounty-hunter-update-soundtrack-2019),,,"[""video game soundtrack""]","[""und""]",,,,Starbound,,,khinsider_track_prominence_proxy,34.191462338822745,score_0_100,,,,73.67658493552909,,,,https://downloads.khinsider.com/game-soundtracks/album/starbound-1.4-bounty-hunter-update-soundtrack-2019,2026-10-05,Track title is taken from KHInsider's soundtrack/gamerip album index. Popularity is an explicitly labelled proxy based on BeatHit game rank and track prominence.,"{""culture_category"":""video_game_music"",""video_game"":""Starbound"",""game_rank"":1708,""game_association_kind"":""khinsider_game_soundtrack"",""khinsider_album_url"":""https://downloads.khinsider.com/game-soundtracks/album/starbound-1.4-bounty-hunter-update-soundtrack-2019"",""khinsider_album_title"":""Starbound 1.4 - Bounty Hunter Update Soundtrack (starbound-1.4-bounty-hunter-update-soundtrack-2019)"",""khinsider_album_kind"":""official_or_gamerip"",""khinsider_album_match_score"":100.0,""relevance_score_100"":100.0,""popularity_score_100"":34.191462338822745,""score_100"":73.67658493552909,""popularity_basis"":""BeatHit master-list game rank plus track position proxy""}"
73,Crystal Exploration 1,Unknown credited artist,[],Starbound (starbound-unofficial-soundtrack-xone-ps4-pc-linux-macos-psv-2016),,,"[""video game soundtrack""]","[""und""]",,,,Starbound,,,khinsider_track_prominence_proxy,33.98146233882275,score_0_100,,,,73.5925849355291,,,,https://downloads.khinsider.com/game-soundtracks/album/starbound-unofficial-soundtrack-xone-ps4-pc-linux-macos-psv-2016,2026-10-05,Track title is taken from KHInsider's soundtrack/gamerip album index. Popularity is an explicitly labelled proxy based on BeatHit game rank and track prominence.,"{""culture_category"":""video_game_music"",""video_game"":""Starbound"",""game_rank"":1708,""game_association_kind"":""khinsider_game_soundtrack"",""khinsider_album_url"":""https://downloads.khinsider.com/game-soundtracks/album/starbound-unofficial-soundtrack-xone-ps4-pc-linux-macos-psv-2016"",""khinsider_album_title"":""Starbound (starbound-unofficial-soundtrack-xone-ps4-pc-linux-macos-psv-2016)"",""khinsider_album_kind"":""official_or_gamerip"",""khinsider_album_match_score"":100.0,""relevance_score_100"":100.0,""popularity_score_100"":33.98146233882275,""score_100"":73.5925849355291,""popularity_basis"":""BeatHit master-list game rank plus track position proxy""}"
74,(Experimental OST) Planetarium,Unknown credited artist,[],Starbound 1.4 - Bounty Hunter Update Soundtrack (starbound-1.4-bounty-hunter-update-soundtrack-2019),,,"[""video game soundtrack""]","[""und""]",,,,Starbound,,,khinsider_track_prominence_proxy,33.98146233882275,score_0_100,,,,73.5925849355291,,,,https://downloads.khinsider.com/game-soundtracks/album/starbound-1.4-bounty-hunter-update-soundtrack-2019,2026-10-05,Track title is taken from KHInsider's soundtrack/gamerip album index. Popularity is an explicitly labelled proxy based on BeatHit game rank and track prominence.,"{""culture_category"":""video_game_music"",""video_game"":""Starbound"",""game_rank"":1708,""game_association_kind"":""khinsider_game_soundtrack"",""khinsider_album_url"":""https://downloads.khinsider.com/game-soundtracks/album/starbound-1.4-bounty-hunter-update-soundtrack-2019"",""khinsider_album_title"":""Starbound 1.4 - Bounty Hunter Update Soundtrack (starbound-1.4-bounty-hunter-update-soundtrack-2019)"",""khinsider_album_kind"":""official_or_gamerip"",""khinsider_album_match_score"":100.0,""relevance_score_100"":100.0,""popularity_score_100"":33.98146233882275,""score_100"":73.5925849355291,""popularity_basis"":""BeatHit master-list game rank plus track position proxy""}"
75,Crystal Exploration 2,Unknown credited artist,[],Starbound (starbound-unofficial-soundtrack-xone-ps4-pc-linux-macos-psv-2016),,,"[""video game soundtrack""]","[""und""]",,,,Starbound,,,khinsider_track_prominence_proxy,33.77146233882275,score_0_100,,,,73.5085849355291,,,,https://downloads.khinsider.com/game-soundtracks/album/starbound-unofficial-soundtrack-xone-ps4-pc-linux-macos-psv-2016,2026-10-05,Track title is taken from KHInsider's soundtrack/gamerip album index. Popularity is an explicitly labelled proxy based on BeatHit game rank and track prominence.,"{""culture_category"":""video_game_music"",""video_game"":""Starbound"",""game_rank"":1708,""game_association_kind"":""khinsider_game_soundtrack"",""khinsider_album_url"":""https://downloads.khinsider.com/game-soundtracks/album/starbound-unofficial-soundtrack-xone-ps4-pc-linux-macos-psv-2016"",""khinsider_album_title"":""Starbound (starbound-unofficial-soundtrack-xone-ps4-pc-linux-macos-psv-2016)"",""khinsider_album_kind"":""official_or_gamerip"",""khinsider_album_match_score"":100.0,""relevance_score_100"":100.0,""popularity_score_100"":33.77146233882275,""score_100"":73.5085849355291,""popularity_basis"":""BeatHit master-list game rank plus track position proxy""}"
76,(Experimental OST) On the Beach at Night (Original Version),Unknown credited artist,[],Starbound 1.4 - Bounty Hunter Update Soundtrack (starbound-1.4-bounty-hunter-update-soundtrack-2019),,,"[""video game soundtrack""]","[""und""]",,,,Starbound,,,khinsider_track_prominence_proxy,33.77146233882275,score_0_100,,,,73.5085849355291,,,,https://downloads.khinsider.com/game-soundtracks/album/starbound-1.4-bounty-hunter-update-soundtrack-2019,2026-10-05,Track title is taken from KHInsider's soundtrack/gamerip album index. Popularity is an explicitly labelled proxy based on BeatHit game rank and track prominence.,"{""culture_category"":""video_game_music"",""video_game"":""Starbound"",""game_rank"":1708,""game_association_kind"":""khinsider_game_soundtrack"",""khinsider_album_url"":""https://downloads.khinsider.com/game-soundtracks/album/starbound-1.4-bounty-hunter-update-soundtrack-2019"",""khinsider_album_title"":""Starbound 1.4 - Bounty Hunter Update Soundtrack (starbound-1.4-bounty-hunter-update-soundtrack-2019)"",""khinsider_album_kind"":""official_or_gamerip"",""khinsider_album_match_score"":100.0,""relevance_score_100"":100.0,""popularity_score_100"":33.77146233882275,""score_100"":73.5085849355291,""popularity_basis"":""BeatHit master-list game rank plus track position proxy""}"
77,Desert Exploration 1,Unknown credited artist,[],Starbound (starbound-unofficial-soundtrack-xone-ps4-pc-linux-macos-psv-2016),,,"[""video game soundtrack""]","[""und""]",,,,Starbound,,,khinsider_track_prominence_proxy,33.56146233882275,score_0_100,,,,73.4245849355291,,,,https://downloads.khinsider.com/game-soundtracks/album/starbound-unofficial-soundtrack-xone-ps4-pc-linux-macos-psv-2016,2026-10-05,Track title is taken from KHInsider's soundtrack/gamerip album index. Popularity is an explicitly labelled proxy based on BeatHit game rank and track prominence.,"{""culture_category"":""video_game_music"",""video_game"":""Starbound"",""game_rank"":1708,""game_association_kind"":""khinsider_game_soundtrack"",""khinsider_album_url"":""https://downloads.khinsider.com/game-soundtracks/album/starbound-unofficial-soundtrack-xone-ps4-pc-linux-macos-psv-2016"",""khinsider_album_title"":""Starbound (starbound-unofficial-soundtrack-xone-ps4-pc-linux-macos-psv-2016)"",""khinsider_album_kind"":""official_or_gamerip"",""khinsider_album_match_score"":100.0,""relevance_score_100"":100.0,""popularity_score_100"":33.56146233882275,""score_100"":73.4245849355291,""popularity_basis"":""BeatHit master-list game rank plus track position proxy""}"
78,The Apex (Apex Theme),Unknown credited artist,[],Starbound 1.4 - Bounty Hunter Update Soundtrack (starbound-1.4-bounty-hunter-update-soundtrack-2019),,,"[""video game soundtrack""]","[""und""]",,,,Starbound,,,khinsider_track_prominence_proxy,33.56146233882275,score_0_100,,,,73.4245849355291,,,,https://downloads.khinsider.com/game-soundtracks/album/starbound-1.4-bounty-hunter-update-soundtrack-2019,2026-10-05,Track title is taken from KHInsider's soundtrack/gamerip album index. Popularity is an explicitly labelled proxy based on BeatHit game rank and track prominence.,"{""culture_category"":""video_game_music"",""video_game"":""Starbound"",""game_rank"":1708,""game_association_kind"":""khinsider_game_soundtrack"",""khinsider_album_url"":""https://downloads.khinsider.com/game-soundtracks/album/starbound-1.4-bounty-hunter-update-soundtrack-2019"",""khinsider_album_title"":""Starbound 1.4 - Bounty Hunter Update Soundtrack (starbound-1.4-bounty-hunter-update-soundtrack-2019)"",""khinsider_album_kind"":""official_or_gamerip"",""khinsider_album_match_score"":100.0,""relevance_score_100"":100.0,""popularity_score_100"":33.56146233882275,""score_100"":73.4245849355291,""popularity_basis"":""BeatHit master-list game rank plus track position proxy""}"
79,Drosera,Unknown credited artist,[],Starbound (starbound-unofficial-soundtrack-xone-ps4-pc-linux-macos-psv-2016),,,"[""video game soundtrack""]","[""und""]",,,,Starbound,,,khinsider_track_prominence_proxy,33.35146233882275,score_0_100,,,,73.34058493552911,,,,https://downloads.khinsider.com/game-soundtracks/album/starbound-unofficial-soundtrack-xone-ps4-pc-linux-macos-psv-2016,2026-10-05,Track title is taken from KHInsider's soundtrack/gamerip album index. Popularity is an explicitly labelled proxy based on BeatHit game rank and track prominence.,"{""culture_category"":""video_game_music"",""video_game"":""Starbound"",""game_rank"":1708,""game_association_kind"":""khinsider_game_soundtrack"",""khinsider_album_url"":""https://downloads.khinsider.com/game-soundtracks/album/starbound-unofficial-soundtrack-xone-ps4-pc-linux-macos-psv-2016"",""khinsider_album_title"":""Starbound (starbound-unofficial-soundtrack-xone-ps4-pc-linux-macos-psv-2016)"",""khinsider_album_kind"":""official_or_gamerip"",""khinsider_album_match_score"":100.0,""relevance_score_100"":100.0,""popularity_score_100"":33.35146233882275,""score_100"":73.34058493552911,""popularity_basis"":""BeatHit master-list game rank plus track position proxy""}"
80,The Deep (Hylotl Theme),Unknown credited artist,[],Starbound 1.4 - Bounty Hunter Update Soundtrack (starbound-1.4-bounty-hunter-update-soundtrack-2019),,,"[""video game soundtrack""]","[""und""]",,,,Starbound,,,khinsider_track_prominence_proxy,33.35146233882275,score_0_100,,,,73.34058493552911,,,,https://downloads.khinsider.com/game-soundtracks/album/starbound-1.4-bounty-hunter-update-soundtrack-2019,2026-10-05,Track title is taken from KHInsider's soundtrack/gamerip album index. Popularity is an explicitly labelled proxy based on BeatHit game rank and track prominence.,"{""culture_category"":""video_game_music"",""video_game"":""Starbound"",""game_rank"":1708,""game_association_kind"":""khinsider_game_soundtrack"",""khinsider_album_url"":""https://downloads.khinsider.com/game-soundtracks/album/starbound-1.4-bounty-hunter-update-soundtrack-2019"",""khinsider_album_title"":""Starbound 1.4 - Bounty Hunter Update Soundtrack (starbound-1.4-bounty-hunter-update-soundtrack-2019)"",""khinsider_album_kind"":""official_or_gamerip"",""khinsider_album_match_score"":100.0,""relevance_score_100"":100.0,""popularity_score_100"":33.35146233882275,""score_100"":73.34058493552911,""popularity_basis"":""BeatHit master-list game rank plus track position proxy""}"
81,Forsaken Grotto,Unknown credited artist,[],Starbound (starbound-unofficial-soundtrack-xone-ps4-pc-linux-macos-psv-2016),,,"[""video game soundtrack""]","[""und""]",,,,Starbound,,,khinsider_track_prominence_proxy,33.14146233882275,score_0_100,,,,73.2565849355291,,,,https://downloads.khinsider.com/game-soundtracks/album/starbound-unofficial-soundtrack-xone-ps4-pc-linux-macos-psv-2016,2026-10-05,Track title is taken from KHInsider's soundtrack/gamerip album index. Popularity is an explicitly labelled proxy based on BeatHit game rank and track prominence.,"{""culture_category"":""video_game_music"",""video_game"":""Starbound"",""game_rank"":1708,""game_association_kind"":""khinsider_game_soundtrack"",""khinsider_album_url"":""https://downloads.khinsider.com/game-soundtracks/album/starbound-unofficial-soundtrack-xone-ps4-pc-linux-macos-psv-2016"",""khinsider_album_title"":""Starbound (starbound-unofficial-soundtrack-xone-ps4-pc-linux-macos-psv-2016)"",""khinsider_album_kind"":""official_or_gamerip"",""khinsider_album_match_score"":100.0,""relevance_score_100"":100.0,""popularity_score_100"":33.14146233882275,""score_100"":73.2565849355291,""popularity_basis"":""BeatHit master-list game rank plus track position proxy""}"
82,Drosera (Floran Theme),Unknown credited artist,[],Starbound 1.4 - Bounty Hunter Update Soundtrack (starbound-1.4-bounty-hunter-update-soundtrack-2019),,,"[""video game soundtrack""]","[""und""]",,,,Starbound,,,khinsider_track_prominence_proxy,33.14146233882275,score_0_100,,,,73.2565849355291,,,,https://downloads.khinsider.com/game-soundtracks/album/starbound-1.4-bounty-hunter-update-soundtrack-2019,2026-10-05,Track title is taken from KHInsider's soundtrack/gamerip album index. Popularity is an explicitly labelled proxy based on BeatHit game rank and track prominence.,"{""culture_category"":""video_game_music"",""video_game"":""Starbound"",""game_rank"":1708,""game_association_kind"":""khinsider_game_soundtrack"",""khinsider_album_url"":""https://downloads.khinsider.com/game-soundtracks/album/starbound-1.4-bounty-hunter-update-soundtrack-2019"",""khinsider_album_title"":""Starbound 1.4 - Bounty Hunter Update Soundtrack (starbound-1.4-bounty-hunter-update-soundtrack-2019)"",""khinsider_album_kind"":""official_or_gamerip"",""khinsider_album_match_score"":100.0,""relevance_score_100"":100.0,""popularity_score_100"":33.14146233882275,""score_100"":73.2565849355291,""popularity_basis"":""BeatHit master-list game rank plus track position proxy""}"
83,Inviolate,Unknown credited artist,[],Starbound (starbound-unofficial-soundtrack-xone-ps4-pc-linux-macos-psv-2016),,,"[""video game soundtrack""]","[""und""]",,,,Starbound,,,khinsider_track_prominence_proxy,32.93146233882275,score_0_100,,,,73.1725849355291,,,,https://downloads.khinsider.com/game-soundtracks/album/starbound-unofficial-soundtrack-xone-ps4-pc-linux-macos-psv-2016,2026-10-05,Track title is taken from KHInsider's soundtrack/gamerip album index. Popularity is an explicitly labelled proxy based on BeatHit game rank and track prominence.,"{""culture_category"":""video_game_music"",""video_game"":""Starbound"",""game_rank"":1708,""game_association_kind"":""khinsider_game_soundtrack"",""khinsider_album_url"":""https://downloads.khinsider.com/game-soundtracks/album/starbound-unofficial-soundtrack-xone-ps4-pc-linux-macos-psv-2016"",""khinsider_album_title"":""Starbound (starbound-unofficial-soundtrack-xone-ps4-pc-linux-macos-psv-2016)"",""khinsider_album_kind"":""official_or_gamerip"",""khinsider_album_match_score"":100.0,""relevance_score_100"":100.0,""popularity_score_100"":32.93146233882275,""score_100"":73.1725849355291,""popularity_basis"":""BeatHit master-list game rank plus track position proxy""}"
84,Error 0xBFAF000 (Glitch Theme),Unknown credited artist,[],Starbound 1.4 - Bounty Hunter Update Soundtrack (starbound-1.4-bounty-hunter-update-soundtrack-2019),,,"[""video game soundtrack""]","[""und""]",,,,Starbound,,,khinsider_track_prominence_proxy,32.93146233882275,score_0_100,,,,73.1725849355291,,,,https://downloads.khinsider.com/game-soundtracks/album/starbound-1.4-bounty-hunter-update-soundtrack-2019,2026-10-05,Track title is taken from KHInsider's soundtrack/gamerip album index. Popularity is an explicitly labelled proxy based on BeatHit game rank and track prominence.,"{""culture_category"":""video_game_music"",""video_game"":""Starbound"",""game_rank"":1708,""game_association_kind"":""khinsider_game_soundtrack"",""khinsider_album_url"":""https://downloads.khinsider.com/game-soundtracks/album/starbound-1.4-bounty-hunter-update-soundtrack-2019"",""khinsider_album_title"":""Starbound 1.4 - Bounty Hunter Update Soundtrack (starbound-1.4-bounty-hunter-update-soundtrack-2019)"",""khinsider_album_kind"":""official_or_gamerip"",""khinsider_album_match_score"":100.0,""relevance_score_100"":100.0,""popularity_score_100"":32.93146233882275,""score_100"":73.1725849355291,""popularity_basis"":""BeatHit master-list game rank plus track position proxy""}"
85,Lava Exploration 1,Unknown credited artist,[],Starbound (starbound-unofficial-soundtrack-xone-ps4-pc-linux-macos-psv-2016),,,"[""video game soundtrack""]","[""und""]",,,,Starbound,,,khinsider_track_prominence_proxy,32.72146233882275,score_0_100,,,,73.0885849355291,,,,https://downloads.khinsider.com/game-soundtracks/album/starbound-unofficial-soundtrack-xone-ps4-pc-linux-macos-psv-2016,2026-10-05,Track title is taken from KHInsider's soundtrack/gamerip album index. Popularity is an explicitly labelled proxy based on BeatHit game rank and track prominence.,"{""culture_category"":""video_game_music"",""video_game"":""Starbound"",""game_rank"":1708,""game_association_kind"":""khinsider_game_soundtrack"",""khinsider_album_url"":""https://downloads.khinsider.com/game-soundtracks/album/starbound-unofficial-soundtrack-xone-ps4-pc-linux-macos-psv-2016"",""khinsider_album_title"":""Starbound (starbound-unofficial-soundtrack-xone-ps4-pc-linux-macos-psv-2016)"",""khinsider_album_kind"":""official_or_gamerip"",""khinsider_album_match_score"":100.0,""relevance_score_100"":100.0,""popularity_score_100"":32.72146233882275,""score_100"":73.0885849355291,""popularity_basis"":""BeatHit master-list game rank plus track position proxy""}"
86,Event Horizon,Unknown credited artist,[],Starbound 1.4 - Bounty Hunter Update Soundtrack (starbound-1.4-bounty-hunter-update-soundtrack-2019),,,"[""video game soundtrack""]","[""und""]",,,,Starbound,,,khinsider_track_prominence_proxy,32.72146233882275,score_0_100,,,,73.0885849355291,,,,https://downloads.khinsider.com/game-soundtracks/album/starbound-1.4-bounty-hunter-update-soundtrack-2019,2026-10-05,Track title is taken from KHInsider's soundtrack/gamerip album index. Popularity is an explicitly labelled proxy based on BeatHit game rank and track prominence.,"{""culture_category"":""video_game_music"",""video_game"":""Starbound"",""game_rank"":1708,""game_association_kind"":""khinsider_game_soundtrack"",""khinsider_album_url"":""https://downloads.khinsider.com/game-soundtracks/album/starbound-1.4-bounty-hunter-update-soundtrack-2019"",""khinsider_album_title"":""Starbound 1.4 - Bounty Hunter Update Soundtrack (starbound-1.4-bounty-hunter-update-soundtrack-2019)"",""khinsider_album_kind"":""official_or_gamerip"",""khinsider_album_match_score"":100.0,""relevance_score_100"":100.0,""popularity_score_100"":32.72146233882275,""score_100"":73.0885849355291,""popularity_basis"":""BeatHit master-list game rank plus track position proxy""}"
87,Ultramarine,Unknown credited artist,[],Starbound (starbound-unofficial-soundtrack-xone-ps4-pc-linux-macos-psv-2016),,,"[""video game soundtrack""]","[""und""]",,,,Starbound,,,khinsider_track_prominence_proxy,32.511462338822746,score_0_100,,,,73.0045849355291,,,,https://downloads.khinsider.com/game-soundtracks/album/starbound-unofficial-soundtrack-xone-ps4-pc-linux-macos-psv-2016,2026-10-05,Track title is taken from KHInsider's soundtrack/gamerip album index. Popularity is an explicitly labelled proxy based on BeatHit game rank and track prominence.,"{""culture_category"":""video_game_music"",""video_game"":""Starbound"",""game_rank"":1708,""game_association_kind"":""khinsider_game_soundtrack"",""khinsider_album_url"":""https://downloads.khinsider.com/game-soundtracks/album/starbound-unofficial-soundtrack-xone-ps4-pc-linux-macos-psv-2016"",""khinsider_album_title"":""Starbound (starbound-unofficial-soundtrack-xone-ps4-pc-linux-macos-psv-2016)"",""khinsider_album_kind"":""official_or_gamerip"",""khinsider_album_match_score"":100.0,""relevance_score_100"":100.0,""popularity_score_100"":32.511462338822746,""score_100"":73.0045849355291,""popularity_basis"":""BeatHit master-list game rank plus track position proxy""}"
88,Gravitational Collapse,Unknown credited artist,[],Starbound 1.4 - Bounty Hunter Update Soundtrack (starbound-1.4-bounty-hunter-update-soundtrack-2019),,,"[""video game soundtrack""]","[""und""]",,,,Starbound,,,khinsider_track_prominence_proxy,32.511462338822746,score_0_100,,,,73.0045849355291,,,,https://downloads.khinsider.com/game-soundtracks/album/starbound-1.4-bounty-hunter-update-soundtrack-2019,2026-10-05,Track title is taken from KHInsider's soundtrack/gamerip album index. Popularity is an explicitly labelled proxy based on BeatHit game rank and track prominence.,"{""culture_category"":""video_game_music"",""video_game"":""Starbound"",""game_rank"":1708,""game_association_kind"":""khinsider_game_soundtrack"",""khinsider_album_url"":""https://downloads.khinsider.com/game-soundtracks/album/starbound-1.4-bounty-hunter-update-soundtrack-2019"",""khinsider_album_title"":""Starbound 1.4 - Bounty Hunter Update Soundtrack (starbound-1.4-bounty-hunter-update-soundtrack-2019)"",""khinsider_album_kind"":""official_or_gamerip"",""khinsider_album_match_score"":100.0,""relevance_score_100"":100.0,""popularity_score_100"":32.511462338822746,""score_100"":73.0045849355291,""popularity_basis"":""BeatHit master-list game rank plus track position proxy""}"
89,Casiopeia (Great Sovereign Temple),Unknown credited artist,[],Starbound (starbound-unofficial-soundtrack-xone-ps4-pc-linux-macos-psv-2016),,,"[""video game soundtrack""]","[""und""]",,,,Starbound,,,khinsider_track_prominence_proxy,32.301462338822745,score_0_100,,,,72.92058493552909,,,,https://downloads.khinsider.com/game-soundtracks/album/starbound-unofficial-soundtrack-xone-ps4-pc-linux-macos-psv-2016,2026-10-05,Track title is taken from KHInsider's soundtrack/gamerip album index. Popularity is an explicitly labelled proxy based on BeatHit game rank and track prominence.,"{""culture_category"":""video_game_music"",""video_game"":""Starbound"",""game_rank"":1708,""game_association_kind"":""khinsider_game_soundtrack"",""khinsider_album_url"":""https://downloads.khinsider.com/game-soundtracks/album/starbound-unofficial-soundtrack-xone-ps4-pc-linux-macos-psv-2016"",""khinsider_album_title"":""Starbound (starbound-unofficial-soundtrack-xone-ps4-pc-linux-macos-psv-2016)"",""khinsider_album_kind"":""official_or_gamerip"",""khinsider_album_match_score"":100.0,""relevance_score_100"":100.0,""popularity_score_100"":32.301462338822745,""score_100"":72.92058493552909,""popularity_basis"":""BeatHit master-list game rank plus track position proxy""}"
90,I Was the Sun (Before It Was Cool) (Novakid Theme),Unknown credited artist,[],Starbound 1.4 - Bounty Hunter Update Soundtrack (starbound-1.4-bounty-hunter-update-soundtrack-2019),,,"[""video game soundtrack""]","[""und""]",,,,Starbound,,,khinsider_track_prominence_proxy,32.301462338822745,score_0_100,,,,72.92058493552909,,,,https://downloads.khinsider.com/game-soundtracks/album/starbound-1.4-bounty-hunter-update-soundtrack-2019,2026-10-05,Track title is taken from KHInsider's soundtrack/gamerip album index. Popularity is an explicitly labelled proxy based on BeatHit game rank and track prominence.,"{""culture_category"":""video_game_music"",""video_game"":""Starbound"",""game_rank"":1708,""game_association_kind"":""khinsider_game_soundtrack"",""khinsider_album_url"":""https://downloads.khinsider.com/game-soundtracks/album/starbound-1.4-bounty-hunter-update-soundtrack-2019"",""khinsider_album_title"":""Starbound 1.4 - Bounty Hunter Update Soundtrack (starbound-1.4-bounty-hunter-update-soundtrack-2019)"",""khinsider_album_kind"":""official_or_gamerip"",""khinsider_album_match_score"":100.0,""relevance_score_100"":100.0,""popularity_score_100"":32.301462338822745,""score_100"":72.92058493552909,""popularity_basis"":""BeatHit master-list game rank plus track position proxy""}"
91,Error 0xbfaf000,Unknown credited artist,[],Starbound (starbound-unofficial-soundtrack-xone-ps4-pc-linux-macos-psv-2016),,,"[""video game soundtrack""]","[""und""]",,,,Starbound,,,khinsider_track_prominence_proxy,32.09146233882275,score_0_100,,,,72.8365849355291,,,,https://downloads.khinsider.com/game-soundtracks/album/starbound-unofficial-soundtrack-xone-ps4-pc-linux-macos-psv-2016,2026-10-05,Track title is taken from KHInsider's soundtrack/gamerip album index. Popularity is an explicitly labelled proxy based on BeatHit game rank and track prominence.,"{""culture_category"":""video_game_music"",""video_game"":""Starbound"",""game_rank"":1708,""game_association_kind"":""khinsider_game_soundtrack"",""khinsider_album_url"":""https://downloads.khinsider.com/game-soundtracks/album/starbound-unofficial-soundtrack-xone-ps4-pc-linux-macos-psv-2016"",""khinsider_album_title"":""Starbound (starbound-unofficial-soundtrack-xone-ps4-pc-linux-macos-psv-2016)"",""khinsider_album_kind"":""official_or_gamerip"",""khinsider_album_match_score"":100.0,""relevance_score_100"":100.0,""popularity_score_100"":32.09146233882275,""score_100"":72.8365849355291,""popularity_basis"":""BeatHit master-list game rank plus track position proxy""}"
92,Impact Event,Unknown credited artist,[],Starbound 1.4 - Bounty Hunter Update Soundtrack (starbound-1.4-bounty-hunter-update-soundtrack-2019),,,"[""video game soundtrack""]","[""und""]",,,,Starbound,,,khinsider_track_prominence_proxy,32.09146233882275,score_0_100,,,,72.8365849355291,,,,https://downloads.khinsider.com/game-soundtracks/album/starbound-1.4-bounty-hunter-update-soundtrack-2019,2026-10-05,Track title is taken from KHInsider's soundtrack/gamerip album index. Popularity is an explicitly labelled proxy based on BeatHit game rank and track prominence.,"{""culture_category"":""video_game_music"",""video_game"":""Starbound"",""game_rank"":1708,""game_association_kind"":""khinsider_game_soundtrack"",""khinsider_album_url"":""https://downloads.khinsider.com/game-soundtracks/album/starbound-1.4-bounty-hunter-update-soundtrack-2019"",""khinsider_album_title"":""Starbound 1.4 - Bounty Hunter Update Soundtrack (starbound-1.4-bounty-hunter-update-soundtrack-2019)"",""khinsider_album_kind"":""official_or_gamerip"",""khinsider_album_match_score"":100.0,""relevance_score_100"":100.0,""popularity_score_100"":32.09146233882275,""score_100"":72.8365849355291,""popularity_basis"":""BeatHit master-list game rank plus track position proxy""}"
93,Crystal Battle 1 (The Ruin's Surface),Unknown credited artist,[],Starbound (starbound-unofficial-soundtrack-xone-ps4-pc-linux-macos-psv-2016),,,"[""video game soundtrack""]","[""und""]",,,,Starbound,,,khinsider_track_prominence_proxy,31.881462338822747,score_0_100,,,,72.7525849355291,,,,https://downloads.khinsider.com/game-soundtracks/album/starbound-unofficial-soundtrack-xone-ps4-pc-linux-macos-psv-2016,2026-10-05,Track title is taken from KHInsider's soundtrack/gamerip album index. Popularity is an explicitly labelled proxy based on BeatHit game rank and track prominence.,"{""culture_category"":""video_game_music"",""video_game"":""Starbound"",""game_rank"":1708,""game_association_kind"":""khinsider_game_soundtrack"",""khinsider_album_url"":""https://downloads.khinsider.com/game-soundtracks/album/starbound-unofficial-soundtrack-xone-ps4-pc-linux-macos-psv-2016"",""khinsider_album_title"":""Starbound (starbound-unofficial-soundtrack-xone-ps4-pc-linux-macos-psv-2016)"",""khinsider_album_kind"":""official_or_gamerip"",""khinsider_album_match_score"":100.0,""relevance_score_100"":100.0,""popularity_score_100"":31.881462338822747,""score_100"":72.7525849355291,""popularity_basis"":""BeatHit master-list game rank plus track position proxy""}"
94,The Ruin (Forest Battle 2b) (VS. Heart of Ruin),Unknown credited artist,[],Starbound (starbound-unofficial-soundtrack-xone-ps4-pc-linux-macos-psv-2016),,,"[""video game soundtrack""]","[""und""]",,,,Starbound,,,khinsider_track_prominence_proxy,31.67146233882275,score_0_100,,,,72.6685849355291,,,,https://downloads.khinsider.com/game-soundtracks/album/starbound-unofficial-soundtrack-xone-ps4-pc-linux-macos-psv-2016,2026-10-05,Track title is taken from KHInsider's soundtrack/gamerip album index. Popularity is an explicitly labelled proxy based on BeatHit game rank and track prominence.,"{""culture_category"":""video_game_music"",""video_game"":""Starbound"",""game_rank"":1708,""game_association_kind"":""khinsider_game_soundtrack"",""khinsider_album_url"":""https://downloads.khinsider.com/game-soundtracks/album/starbound-unofficial-soundtrack-xone-ps4-pc-linux-macos-psv-2016"",""khinsider_album_title"":""Starbound (starbound-unofficial-soundtrack-xone-ps4-pc-linux-macos-psv-2016)"",""khinsider_album_kind"":""official_or_gamerip"",""khinsider_album_match_score"":100.0,""relevance_score_100"":100.0,""popularity_score_100"":31.67146233882275,""score_100"":72.6685849355291,""popularity_basis"":""BeatHit master-list game rank plus track position proxy""}"
95,Stellar Acclimation (Credits),Unknown credited artist,[],Starbound (starbound-unofficial-soundtrack-xone-ps4-pc-linux-macos-psv-2016),,,"[""video game soundtrack""]","[""und""]",,,,Starbound,,,khinsider_track_prominence_proxy,31.46146233882275,score_0_100,,,,72.58458493552911,,,,https://downloads.khinsider.com/game-soundtracks/album/starbound-unofficial-soundtrack-xone-ps4-pc-linux-macos-psv-2016,2026-10-05,Track title is taken from KHInsider's soundtrack/gamerip album index. Popularity is an explicitly labelled proxy based on BeatHit game rank and track prominence.,"{""culture_category"":""video_game_music"",""video_game"":""Starbound"",""game_rank"":1708,""game_association_kind"":""khinsider_game_soundtrack"",""khinsider_album_url"":""https://downloads.khinsider.com/game-soundtracks/album/starbound-unofficial-soundtrack-xone-ps4-pc-linux-macos-psv-2016"",""khinsider_album_title"":""Starbound (starbound-unofficial-soundtrack-xone-ps4-pc-linux-macos-psv-2016)"",""khinsider_album_kind"":""official_or_gamerip"",""khinsider_album_match_score"":100.0,""relevance_score_100"":100.0,""popularity_score_100"":31.46146233882275,""score_100"":72.58458493552911,""popularity_basis"":""BeatHit master-list game rank plus track position proxy""}"
96,Forest Battle 1,Unknown credited artist,[],Starbound 1.4 - Bounty Hunter Update Soundtrack (starbound-1.4-bounty-hunter-update-soundtrack-2019),,,"[""video game soundtrack""]","[""und""]",,,,Starbound,,,khinsider_track_prominence_proxy,31.46146233882275,score_0_100,,,,72.58458493552911,,,,https://downloads.khinsider.com/game-soundtracks/album/starbound-1.4-bounty-hunter-update-soundtrack-2019,2026-10-05,Track title is taken from KHInsider's soundtrack/gamerip album index. Popularity is an explicitly labelled proxy based on BeatHit game rank and track prominence.,"{""culture_category"":""video_game_music"",""video_game"":""Starbound"",""game_rank"":1708,""game_association_kind"":""khinsider_game_soundtrack"",""khinsider_album_url"":""https://downloads.khinsider.com/game-soundtracks/album/starbound-1.4-bounty-hunter-update-soundtrack-2019"",""khinsider_album_title"":""Starbound 1.4 - Bounty Hunter Update Soundtrack (starbound-1.4-bounty-hunter-update-soundtrack-2019)"",""khinsider_album_kind"":""official_or_gamerip"",""khinsider_album_match_score"":100.0,""relevance_score_100"":100.0,""popularity_score_100"":31.46146233882275,""score_100"":72.58458493552911,""popularity_basis"":""BeatHit master-list game rank plus track position proxy""}"
97,The Apex (Ice Vaults),Unknown credited artist,[],Starbound (starbound-unofficial-soundtrack-xone-ps4-pc-linux-macos-psv-2016),,,"[""video game soundtrack""]","[""und""]",,,,Starbound,,,khinsider_track_prominence_proxy,31.251462338822748,score_0_100,,,,72.5005849355291,,,,https://downloads.khinsider.com/game-soundtracks/album/starbound-unofficial-soundtrack-xone-ps4-pc-linux-macos-psv-2016,2026-10-05,Track title is taken from KHInsider's soundtrack/gamerip album index. Popularity is an explicitly labelled proxy based on BeatHit game rank and track prominence.,"{""culture_category"":""video_game_music"",""video_game"":""Starbound"",""game_rank"":1708,""game_association_kind"":""khinsider_game_soundtrack"",""khinsider_album_url"":""https://downloads.khinsider.com/game-soundtracks/album/starbound-unofficial-soundtrack-xone-ps4-pc-linux-macos-psv-2016"",""khinsider_album_title"":""Starbound (starbound-unofficial-soundtrack-xone-ps4-pc-linux-macos-psv-2016)"",""khinsider_album_kind"":""official_or_gamerip"",""khinsider_album_match_score"":100.0,""relevance_score_100"":100.0,""popularity_score_100"":31.251462338822748,""score_100"":72.5005849355291,""popularity_basis"":""BeatHit master-list game rank plus track position proxy""}"
98,The Ruin,Unknown credited artist,[],Starbound 1.4 - Bounty Hunter Update Soundtrack (starbound-1.4-bounty-hunter-update-soundtrack-2019),,,"[""video game soundtrack""]","[""und""]",,,,Starbound,,,khinsider_track_prominence_proxy,31.251462338822748,score_0_100,,,,72.5005849355291,,,,https://downloads.khinsider.com/game-soundtracks/album/starbound-1.4-bounty-hunter-update-soundtrack-2019,2026-10-05,Track title is taken from KHInsider's soundtrack/gamerip album index. Popularity is an explicitly labelled proxy based on BeatHit game rank and track prominence.,"{""culture_category"":""video_game_music"",""video_game"":""Starbound"",""game_rank"":1708,""game_association_kind"":""khinsider_game_soundtrack"",""khinsider_album_url"":""https://downloads.khinsider.com/game-soundtracks/album/starbound-1.4-bounty-hunter-update-soundtrack-2019"",""khinsider_album_title"":""Starbound 1.4 - Bounty Hunter Update Soundtrack (starbound-1.4-bounty-hunter-update-soundtrack-2019)"",""khinsider_album_kind"":""official_or_gamerip"",""khinsider_album_match_score"":100.0,""relevance_score_100"":100.0,""popularity_score_100"":31.251462338822748,""score_100"":72.5005849355291,""popularity_basis"":""BeatHit master-list game rank plus track position proxy""}"
99,Swansong (VS. Swansong),Unknown credited artist,[],Starbound (starbound-unofficial-soundtrack-xone-ps4-pc-linux-macos-psv-2016),,,"[""video game soundtrack""]","[""und""]",,,,Starbound,,,khinsider_track_prominence_proxy,31.041462338822747,score_0_100,,,,72.4165849355291,,,,https://downloads.khinsider.com/game-soundtracks/album/starbound-unofficial-soundtrack-xone-ps4-pc-linux-macos-psv-2016,2026-10-05,Track title is taken from KHInsider's soundtrack/gamerip album index. Popularity is an explicitly labelled proxy based on BeatHit game rank and track prominence.,"{""culture_category"":""video_game_music"",""video_game"":""Starbound"",""game_rank"":1708,""game_association_kind"":""khinsider_game_soundtrack"",""khinsider_album_url"":""https://downloads.khinsider.com/game-soundtracks/album/starbound-unofficial-soundtrack-xone-ps4-pc-linux-macos-psv-2016"",""khinsider_album_title"":""Starbound (starbound-unofficial-soundtrack-xone-ps4-pc-linux-macos-psv-2016)"",""khinsider_album_kind"":""official_or_gamerip"",""khinsider_album_match_score"":100.0,""relevance_score_100"":100.0,""popularity_score_100"":31.041462338822747,""score_100"":72.4165849355291,""popularity_basis"":""BeatHit master-list game rank plus track position proxy""}"
100,The Peacekeepers,Unknown credited artist,[],Starbound 1.4 - Bounty Hunter Update Soundtrack (starbound-1.4-bounty-hunter-update-soundtrack-2019),,,"[""video game soundtrack""]","[""und""]",,,,Starbound,,,khinsider_track_prominence_proxy,31.041462338822747,score_0_100,,,,72.4165849355291,,,,https://downloads.khinsider.com/game-soundtracks/album/starbound-1.4-bounty-hunter-update-soundtrack-2019,2026-10-05,Track title is taken from KHInsider's soundtrack/gamerip album index. Popularity is an explicitly labelled proxy based on BeatHit game rank and track prominence.,"{""culture_category"":""video_game_music"",""video_game"":""Starbound"",""game_rank"":1708,""game_association_kind"":""khinsider_game_soundtrack"",""khinsider_album_url"":""https://downloads.khinsider.com/game-soundtracks/album/starbound-1.4-bounty-hunter-update-soundtrack-2019"",""khinsider_album_title"":""Starbound 1.4 - Bounty Hunter Update Soundtrack (starbound-1.4-bounty-hunter-update-soundtrack-2019)"",""khinsider_album_kind"":""official_or_gamerip"",""khinsider_album_match_score"":100.0,""relevance_score_100"":100.0,""popularity_score_100"":31.041462338822747,""score_100"":72.4165849355291,""popularity_basis"":""BeatHit master-list game rank plus track position proxy""}"
101,Desert Battle 2 (Unused),Unknown credited artist,[],Starbound (starbound-unofficial-soundtrack-xone-ps4-pc-linux-macos-psv-2016),,,"[""video game soundtrack""]","[""und""]",,,,Starbound,,,khinsider_track_prominence_proxy,30.831462338822746,score_0_100,,,,72.3325849355291,,,,https://downloads.khinsider.com/game-soundtracks/album/starbound-unofficial-soundtrack-xone-ps4-pc-linux-macos-psv-2016,2026-10-05,Track title is taken from KHInsider's soundtrack/gamerip album index. Popularity is an explicitly labelled proxy based on BeatHit game rank and track prominence.,"{""culture_category"":""video_game_music"",""video_game"":""Starbound"",""game_rank"":1708,""game_association_kind"":""khinsider_game_soundtrack"",""khinsider_album_url"":""https://downloads.khinsider.com/game-soundtracks/album/starbound-unofficial-soundtrack-xone-ps4-pc-linux-macos-psv-2016"",""khinsider_album_title"":""Starbound (starbound-unofficial-soundtrack-xone-ps4-pc-linux-macos-psv-2016)"",""khinsider_album_kind"":""official_or_gamerip"",""khinsider_album_match_score"":100.0,""relevance_score_100"":100.0,""popularity_score_100"":30.831462338822746,""score_100"":72.3325849355291,""popularity_basis"":""BeatHit master-list game rank plus track position proxy""}"
102,Dead or Alive,Unknown credited artist,[],Starbound 1.4 - Bounty Hunter Update Soundtrack (starbound-1.4-bounty-hunter-update-soundtrack-2019),,,"[""video game soundtrack""]","[""und""]",,,,Starbound,,,khinsider_track_prominence_proxy,30.831462338822746,score_0_100,,,,72.3325849355291,,,,https://downloads.khinsider.com/game-soundtracks/album/starbound-1.4-bounty-hunter-update-soundtrack-2019,2026-10-05,Track title is taken from KHInsider's soundtrack/gamerip album index. Popularity is an explicitly labelled proxy based on BeatHit game rank and track prominence.,"{""culture_category"":""video_game_music"",""video_game"":""Starbound"",""game_rank"":1708,""game_association_kind"":""khinsider_game_soundtrack"",""khinsider_album_url"":""https://downloads.khinsider.com/game-soundtracks/album/starbound-1.4-bounty-hunter-update-soundtrack-2019"",""khinsider_album_title"":""Starbound 1.4 - Bounty Hunter Update Soundtrack (starbound-1.4-bounty-hunter-update-soundtrack-2019)"",""khinsider_album_kind"":""official_or_gamerip"",""khinsider_album_match_score"":100.0,""relevance_score_100"":100.0,""popularity_score_100"":30.831462338822746,""score_100"":72.3325849355291,""popularity_basis"":""BeatHit master-list game rank plus track position proxy""}"
103,Forest Battle 1 (Unused),Unknown credited artist,[],Starbound (starbound-unofficial-soundtrack-xone-ps4-pc-linux-macos-psv-2016),,,"[""video game soundtrack""]","[""und""]",,,,Starbound,,,khinsider_track_prominence_proxy,30.62146233882275,score_0_100,,,,72.2485849355291,,,,https://downloads.khinsider.com/game-soundtracks/album/starbound-unofficial-soundtrack-xone-ps4-pc-linux-macos-psv-2016,2026-10-05,Track title is taken from KHInsider's soundtrack/gamerip album index. Popularity is an explicitly labelled proxy based on BeatHit game rank and track prominence.,"{""culture_category"":""video_game_music"",""video_game"":""Starbound"",""game_rank"":1708,""game_association_kind"":""khinsider_game_soundtrack"",""khinsider_album_url"":""https://downloads.khinsider.com/game-soundtracks/album/starbound-unofficial-soundtrack-xone-ps4-pc-linux-macos-psv-2016"",""khinsider_album_title"":""Starbound (starbound-unofficial-soundtrack-xone-ps4-pc-linux-macos-psv-2016)"",""khinsider_album_kind"":""official_or_gamerip"",""khinsider_album_match_score"":100.0,""relevance_score_100"":100.0,""popularity_score_100"":30.62146233882275,""score_100"":72.2485849355291,""popularity_basis"":""BeatHit master-list game rank plus track position proxy""}"
104,Housecleaning,Unknown credited artist,[],Starbound 1.4 - Bounty Hunter Update Soundtrack (starbound-1.4-bounty-hunter-update-soundtrack-2019),,,"[""video game soundtrack""]","[""und""]",,,,Starbound,,,khinsider_track_prominence_proxy,30.62146233882275,score_0_100,,,,72.2485849355291,,,,https://downloads.khinsider.com/game-soundtracks/album/starbound-1.4-bounty-hunter-update-soundtrack-2019,2026-10-05,Track title is taken from KHInsider's soundtrack/gamerip album index. Popularity is an explicitly labelled proxy based on BeatHit game rank and track prominence.,"{""culture_category"":""video_game_music"",""video_game"":""Starbound"",""game_rank"":1708,""game_association_kind"":""khinsider_game_soundtrack"",""khinsider_album_url"":""https://downloads.khinsider.com/game-soundtracks/album/starbound-1.4-bounty-hunter-update-soundtrack-2019"",""khinsider_album_title"":""Starbound 1.4 - Bounty Hunter Update Soundtrack (starbound-1.4-bounty-hunter-update-soundtrack-2019)"",""khinsider_album_kind"":""official_or_gamerip"",""khinsider_album_match_score"":100.0,""relevance_score_100"":100.0,""popularity_score_100"":30.62146233882275,""score_100"":72.2485849355291,""popularity_basis"":""BeatHit master-list game rank plus track position proxy""}"
105,Forest Battle 2 (Unused),Unknown credited artist,[],Starbound (starbound-unofficial-soundtrack-xone-ps4-pc-linux-macos-psv-2016),,,"[""video game soundtrack""]","[""und""]",,,,Starbound,,,khinsider_track_prominence_proxy,30.411462338822748,score_0_100,,,,72.16458493552909,,,,https://downloads.khinsider.com/game-soundtracks/album/starbound-unofficial-soundtrack-xone-ps4-pc-linux-macos-psv-2016,2026-10-05,Track title is taken from KHInsider's soundtrack/gamerip album index. Popularity is an explicitly labelled proxy based on BeatHit game rank and track prominence.,"{""culture_category"":""video_game_music"",""video_game"":""Starbound"",""game_rank"":1708,""game_association_kind"":""khinsider_game_soundtrack"",""khinsider_album_url"":""https://downloads.khinsider.com/game-soundtracks/album/starbound-unofficial-soundtrack-xone-ps4-pc-linux-macos-psv-2016"",""khinsider_album_title"":""Starbound (starbound-unofficial-soundtrack-xone-ps4-pc-linux-macos-psv-2016)"",""khinsider_album_kind"":""official_or_gamerip"",""khinsider_album_match_score"":100.0,""relevance_score_100"":100.0,""popularity_score_100"":30.411462338822748,""score_100"":72.16458493552909,""popularity_basis"":""BeatHit master-list game rank plus track position proxy""}"
106,Swansong,Unknown credited artist,[],Starbound 1.4 - Bounty Hunter Update Soundtrack (starbound-1.4-bounty-hunter-update-soundtrack-2019),,,"[""video game soundtrack""]","[""und""]",,,,Starbound,,,khinsider_track_prominence_proxy,30.411462338822748,score_0_100,,,,72.16458493552909,,,,https://downloads.khinsider.com/game-soundtracks/album/starbound-1.4-bounty-hunter-update-soundtrack-2019,2026-10-05,Track title is taken from KHInsider's soundtrack/gamerip album index. Popularity is an explicitly labelled proxy based on BeatHit game rank and track prominence.,"{""culture_category"":""video_game_music"",""video_game"":""Starbound"",""game_rank"":1708,""game_association_kind"":""khinsider_game_soundtrack"",""khinsider_album_url"":""https://downloads.khinsider.com/game-soundtracks/album/starbound-1.4-bounty-hunter-update-soundtrack-2019"",""khinsider_album_title"":""Starbound 1.4 - Bounty Hunter Update Soundtrack (starbound-1.4-bounty-hunter-update-soundtrack-2019)"",""khinsider_album_kind"":""official_or_gamerip"",""khinsider_album_match_score"":100.0,""relevance_score_100"":100.0,""popularity_score_100"":30.411462338822748,""score_100"":72.16458493552909,""popularity_basis"":""BeatHit master-list game rank plus track position proxy""}"
107,Forest Exploration 1 (Unused),Unknown credited artist,[],Starbound (starbound-unofficial-soundtrack-xone-ps4-pc-linux-macos-psv-2016),,,"[""video game soundtrack""]","[""und""]",,,,Starbound,,,khinsider_track_prominence_proxy,30.201462338822747,score_0_100,,,,72.0805849355291,,,,https://downloads.khinsider.com/game-soundtracks/album/starbound-unofficial-soundtrack-xone-ps4-pc-linux-macos-psv-2016,2026-10-05,Track title is taken from KHInsider's soundtrack/gamerip album index. Popularity is an explicitly labelled proxy based on BeatHit game rank and track prominence.,"{""culture_category"":""video_game_music"",""video_game"":""Starbound"",""game_rank"":1708,""game_association_kind"":""khinsider_game_soundtrack"",""khinsider_album_url"":""https://downloads.khinsider.com/game-soundtracks/album/starbound-unofficial-soundtrack-xone-ps4-pc-linux-macos-psv-2016"",""khinsider_album_title"":""Starbound (starbound-unofficial-soundtrack-xone-ps4-pc-linux-macos-psv-2016)"",""khinsider_album_kind"":""official_or_gamerip"",""khinsider_album_match_score"":100.0,""relevance_score_100"":100.0,""popularity_score_100"":30.201462338822747,""score_100"":72.0805849355291,""popularity_basis"":""BeatHit master-list game rank plus track position proxy""}"
108,Forest Exploration 2 (Unused),Unknown credited artist,[],Starbound (starbound-unofficial-soundtrack-xone-ps4-pc-linux-macos-psv-2016),,,"[""video game soundtrack""]","[""und""]",,,,Starbound,,,khinsider_track_prominence_proxy,29.991462338822746,score_0_100,,,,71.9965849355291,,,,https://downloads.khinsider.com/game-soundtracks/album/starbound-unofficial-soundtrack-xone-ps4-pc-linux-macos-psv-2016,2026-10-05,Track title is taken from KHInsider's soundtrack/gamerip album index. Popularity is an explicitly labelled proxy based on BeatHit game rank and track prominence.,"{""culture_category"":""video_game_music"",""video_game"":""Starbound"",""game_rank"":1708,""game_association_kind"":""khinsider_game_soundtrack"",""khinsider_album_url"":""https://downloads.khinsider.com/game-soundtracks/album/starbound-unofficial-soundtrack-xone-ps4-pc-linux-macos-psv-2016"",""khinsider_album_title"":""Starbound (starbound-unofficial-soundtrack-xone-ps4-pc-linux-macos-psv-2016)"",""khinsider_album_kind"":""official_or_gamerip"",""khinsider_album_match_score"":100.0,""relevance_score_100"":100.0,""popularity_score_100"":29.991462338822746,""score_100"":71.9965849355291,""popularity_basis"":""BeatHit master-list game rank plus track position proxy""}"
109,Via Aurora,Unknown credited artist,[],Starbound 1.4 - Bounty Hunter Update Soundtrack (starbound-1.4-bounty-hunter-update-soundtrack-2019),,,"[""video game soundtrack""]","[""und""]",,,,Starbound,,,khinsider_track_prominence_proxy,29.991462338822746,score_0_100,,,,71.9965849355291,,,,https://downloads.khinsider.com/game-soundtracks/album/starbound-1.4-bounty-hunter-update-soundtrack-2019,2026-10-05,Track title is taken from KHInsider's soundtrack/gamerip album index. Popularity is an explicitly labelled proxy based on BeatHit game rank and track prominence.,"{""culture_category"":""video_game_music"",""video_game"":""Starbound"",""game_rank"":1708,""game_association_kind"":""khinsider_game_soundtrack"",""khinsider_album_url"":""https://downloads.khinsider.com/game-soundtracks/album/starbound-1.4-bounty-hunter-update-soundtrack-2019"",""khinsider_album_title"":""Starbound 1.4 - Bounty Hunter Update Soundtrack (starbound-1.4-bounty-hunter-update-soundtrack-2019)"",""khinsider_album_kind"":""official_or_gamerip"",""khinsider_album_match_score"":100.0,""relevance_score_100"":100.0,""popularity_score_100"":29.991462338822746,""score_100"":71.9965849355291,""popularity_basis"":""BeatHit master-list game rank plus track position proxy""}"
110,Forest (Unused),Unknown credited artist,[],Starbound (starbound-unofficial-soundtrack-xone-ps4-pc-linux-macos-psv-2016),,,"[""video game soundtrack""]","[""und""]",,,,Starbound,,,khinsider_track_prominence_proxy,29.781462338822745,score_0_100,,,,71.9125849355291,,,,https://downloads.khinsider.com/game-soundtracks/album/starbound-unofficial-soundtrack-xone-ps4-pc-linux-macos-psv-2016,2026-10-05,Track title is taken from KHInsider's soundtrack/gamerip album index. Popularity is an explicitly labelled proxy based on BeatHit game rank and track prominence.,"{""culture_category"":""video_game_music"",""video_game"":""Starbound"",""game_rank"":1708,""game_association_kind"":""khinsider_game_soundtrack"",""khinsider_album_url"":""https://downloads.khinsider.com/game-soundtracks/album/starbound-unofficial-soundtrack-xone-ps4-pc-linux-macos-psv-2016"",""khinsider_album_title"":""Starbound (starbound-unofficial-soundtrack-xone-ps4-pc-linux-macos-psv-2016)"",""khinsider_album_kind"":""official_or_gamerip"",""khinsider_album_match_score"":100.0,""relevance_score_100"":100.0,""popularity_score_100"":29.781462338822745,""score_100"":71.9125849355291,""popularity_basis"":""BeatHit master-list game rank plus track position proxy""}"
111,Glacial Horizon,Unknown credited artist,[],Starbound 1.4 - Bounty Hunter Update Soundtrack (starbound-1.4-bounty-hunter-update-soundtrack-2019),,,"[""video game soundtrack""]","[""und""]",,,,Starbound,,,khinsider_track_prominence_proxy,29.781462338822745,score_0_100,,,,71.9125849355291,,,,https://downloads.khinsider.com/game-soundtracks/album/starbound-1.4-bounty-hunter-update-soundtrack-2019,2026-10-05,Track title is taken from KHInsider's soundtrack/gamerip album index. Popularity is an explicitly labelled proxy based on BeatHit game rank and track prominence.,"{""culture_category"":""video_game_music"",""video_game"":""Starbound"",""game_rank"":1708,""game_association_kind"":""khinsider_game_soundtrack"",""khinsider_album_url"":""https://downloads.khinsider.com/game-soundtracks/album/starbound-1.4-bounty-hunter-update-soundtrack-2019"",""khinsider_album_title"":""Starbound 1.4 - Bounty Hunter Update Soundtrack (starbound-1.4-bounty-hunter-update-soundtrack-2019)"",""khinsider_album_kind"":""official_or_gamerip"",""khinsider_album_match_score"":100.0,""relevance_score_100"":100.0,""popularity_score_100"":29.781462338822745,""score_100"":71.9125849355291,""popularity_basis"":""BeatHit master-list game rank plus track position proxy""}"
112,Glacial Horizon (Unused),Unknown credited artist,[],Starbound (starbound-unofficial-soundtrack-xone-ps4-pc-linux-macos-psv-2016),,,"[""video game soundtrack""]","[""und""]",,,,Starbound,,,khinsider_track_prominence_proxy,29.571462338822748,score_0_100,,,,71.82858493552911,,,,https://downloads.khinsider.com/game-soundtracks/album/starbound-unofficial-soundtrack-xone-ps4-pc-linux-macos-psv-2016,2026-10-05,Track title is taken from KHInsider's soundtrack/gamerip album index. Popularity is an explicitly labelled proxy based on BeatHit game rank and track prominence.,"{""culture_category"":""video_game_music"",""video_game"":""Starbound"",""game_rank"":1708,""game_association_kind"":""khinsider_game_soundtrack"",""khinsider_album_url"":""https://downloads.khinsider.com/game-soundtracks/album/starbound-unofficial-soundtrack-xone-ps4-pc-linux-macos-psv-2016"",""khinsider_album_title"":""Starbound (starbound-unofficial-soundtrack-xone-ps4-pc-linux-macos-psv-2016)"",""khinsider_album_kind"":""official_or_gamerip"",""khinsider_album_match_score"":100.0,""relevance_score_100"":100.0,""popularity_score_100"":29.571462338822748,""score_100"":71.82858493552911,""popularity_basis"":""BeatHit master-list game rank plus track position proxy""}"
113,Scorian Flow,Unknown credited artist,[],Starbound 1.4 - Bounty Hunter Update Soundtrack (starbound-1.4-bounty-hunter-update-soundtrack-2019),,,"[""video game soundtrack""]","[""und""]",,,,Starbound,,,khinsider_track_prominence_proxy,29.571462338822748,score_0_100,,,,71.82858493552911,,,,https://downloads.khinsider.com/game-soundtracks/album/starbound-1.4-bounty-hunter-update-soundtrack-2019,2026-10-05,Track title is taken from KHInsider's soundtrack/gamerip album index. Popularity is an explicitly labelled proxy based on BeatHit game rank and track prominence.,"{""culture_category"":""video_game_music"",""video_game"":""Starbound"",""game_rank"":1708,""game_association_kind"":""khinsider_game_soundtrack"",""khinsider_album_url"":""https://downloads.khinsider.com/game-soundtracks/album/starbound-1.4-bounty-hunter-update-soundtrack-2019"",""khinsider_album_title"":""Starbound 1.4 - Bounty Hunter Update Soundtrack (starbound-1.4-bounty-hunter-update-soundtrack-2019)"",""khinsider_album_kind"":""official_or_gamerip"",""khinsider_album_match_score"":100.0,""relevance_score_100"":100.0,""popularity_score_100"":29.571462338822748,""score_100"":71.82858493552911,""popularity_basis"":""BeatHit master-list game rank plus track position proxy""}"
114,Home Concept (Unused),Unknown credited artist,[],Starbound (starbound-unofficial-soundtrack-xone-ps4-pc-linux-macos-psv-2016),,,"[""video game soundtrack""]","[""und""]",,,,Starbound,,,khinsider_track_prominence_proxy,29.361462338822747,score_0_100,,,,71.7445849355291,,,,https://downloads.khinsider.com/game-soundtracks/album/starbound-unofficial-soundtrack-xone-ps4-pc-linux-macos-psv-2016,2026-10-05,Track title is taken from KHInsider's soundtrack/gamerip album index. Popularity is an explicitly labelled proxy based on BeatHit game rank and track prominence.,"{""culture_category"":""video_game_music"",""video_game"":""Starbound"",""game_rank"":1708,""game_association_kind"":""khinsider_game_soundtrack"",""khinsider_album_url"":""https://downloads.khinsider.com/game-soundtracks/album/starbound-unofficial-soundtrack-xone-ps4-pc-linux-macos-psv-2016"",""khinsider_album_title"":""Starbound (starbound-unofficial-soundtrack-xone-ps4-pc-linux-macos-psv-2016)"",""khinsider_album_kind"":""official_or_gamerip"",""khinsider_album_match_score"":100.0,""relevance_score_100"":100.0,""popularity_score_100"":29.361462338822747,""score_100"":71.7445849355291,""popularity_basis"":""BeatHit master-list game rank plus track position proxy""}"
115,Ocean Exploration 1 (Unused),Unknown credited artist,[],Starbound (starbound-unofficial-soundtrack-xone-ps4-pc-linux-macos-psv-2016),,,"[""video game soundtrack""]","[""und""]",,,,Starbound,,,khinsider_track_prominence_proxy,29.151462338822746,score_0_100,,,,71.6605849355291,,,,https://downloads.khinsider.com/game-soundtracks/album/starbound-unofficial-soundtrack-xone-ps4-pc-linux-macos-psv-2016,2026-10-05,Track title is taken from KHInsider's soundtrack/gamerip album index. Popularity is an explicitly labelled proxy based on BeatHit game rank and track prominence.,"{""culture_category"":""video_game_music"",""video_game"":""Starbound"",""game_rank"":1708,""game_association_kind"":""khinsider_game_soundtrack"",""khinsider_album_url"":""https://downloads.khinsider.com/game-soundtracks/album/starbound-unofficial-soundtrack-xone-ps4-pc-linux-macos-psv-2016"",""khinsider_album_title"":""Starbound (starbound-unofficial-soundtrack-xone-ps4-pc-linux-macos-psv-2016)"",""khinsider_album_kind"":""official_or_gamerip"",""khinsider_album_match_score"":100.0,""relevance_score_100"":100.0,""popularity_score_100"":29.151462338822746,""score_100"":71.6605849355291,""popularity_basis"":""BeatHit master-list game rank plus track position proxy""}"
116,Stellar Acclimation,Unknown credited artist,[],Starbound 1.4 - Bounty Hunter Update Soundtrack (starbound-1.4-bounty-hunter-update-soundtrack-2019),,,"[""video game soundtrack""]","[""und""]",,,,Starbound,,,khinsider_track_prominence_proxy,29.151462338822746,score_0_100,,,,71.6605849355291,,,,https://downloads.khinsider.com/game-soundtracks/album/starbound-1.4-bounty-hunter-update-soundtrack-2019,2026-10-05,Track title is taken from KHInsider's soundtrack/gamerip album index. Popularity is an explicitly labelled proxy based on BeatHit game rank and track prominence.,"{""culture_category"":""video_game_music"",""video_game"":""Starbound"",""game_rank"":1708,""game_association_kind"":""khinsider_game_soundtrack"",""khinsider_album_url"":""https://downloads.khinsider.com/game-soundtracks/album/starbound-1.4-bounty-hunter-update-soundtrack-2019"",""khinsider_album_title"":""Starbound 1.4 - Bounty Hunter Update Soundtrack (starbound-1.4-bounty-hunter-update-soundtrack-2019)"",""khinsider_album_kind"":""official_or_gamerip"",""khinsider_album_match_score"":100.0,""relevance_score_100"":100.0,""popularity_score_100"":29.151462338822746,""score_100"":71.6605849355291,""popularity_basis"":""BeatHit master-list game rank plus track position proxy""}"
117,Ocean Exploration 2 (Unused),Unknown credited artist,[],Starbound (starbound-unofficial-soundtrack-xone-ps4-pc-linux-macos-psv-2016),,,"[""video game soundtrack""]","[""und""]",,,,Starbound,,,khinsider_track_prominence_proxy,28.941462338822745,score_0_100,,,,71.5765849355291,,,,https://downloads.khinsider.com/game-soundtracks/album/starbound-unofficial-soundtrack-xone-ps4-pc-linux-macos-psv-2016,2026-10-05,Track title is taken from KHInsider's soundtrack/gamerip album index. Popularity is an explicitly labelled proxy based on BeatHit game rank and track prominence.,"{""culture_category"":""video_game_music"",""video_game"":""Starbound"",""game_rank"":1708,""game_association_kind"":""khinsider_game_soundtrack"",""khinsider_album_url"":""https://downloads.khinsider.com/game-soundtracks/album/starbound-unofficial-soundtrack-xone-ps4-pc-linux-macos-psv-2016"",""khinsider_album_title"":""Starbound (starbound-unofficial-soundtrack-xone-ps4-pc-linux-macos-psv-2016)"",""khinsider_album_kind"":""official_or_gamerip"",""khinsider_album_match_score"":100.0,""relevance_score_100"":100.0,""popularity_score_100"":28.941462338822745,""score_100"":71.5765849355291,""popularity_basis"":""BeatHit master-list game rank plus track position proxy""}"
118,"Curtis Schweitzer - Weep not, my child",Unknown credited artist,[],Starbound 1.4 - Bounty Hunter Update Soundtrack (starbound-1.4-bounty-hunter-update-soundtrack-2019),,,"[""video game soundtrack""]","[""und""]",,,,Starbound,,,khinsider_track_prominence_proxy,28.941462338822745,score_0_100,,,,71.5765849355291,,,,https://downloads.khinsider.com/game-soundtracks/album/starbound-1.4-bounty-hunter-update-soundtrack-2019,2026-10-05,Track title is taken from KHInsider's soundtrack/gamerip album index. Popularity is an explicitly labelled proxy based on BeatHit game rank and track prominence.,"{""culture_category"":""video_game_music"",""video_game"":""Starbound"",""game_rank"":1708,""game_association_kind"":""khinsider_game_soundtrack"",""khinsider_album_url"":""https://downloads.khinsider.com/game-soundtracks/album/starbound-1.4-bounty-hunter-update-soundtrack-2019"",""khinsider_album_title"":""Starbound 1.4 - Bounty Hunter Update Soundtrack (starbound-1.4-bounty-hunter-update-soundtrack-2019)"",""khinsider_album_kind"":""official_or_gamerip"",""khinsider_album_match_score"":100.0,""relevance_score_100"":100.0,""popularity_score_100"":28.941462338822745,""score_100"":71.5765849355291,""popularity_basis"":""BeatHit master-list game rank plus track position proxy""}"
119,Scorian Flow (Unused),Unknown credited artist,[],Starbound (starbound-unofficial-soundtrack-xone-ps4-pc-linux-macos-psv-2016),,,"[""video game soundtrack""]","[""und""]",,,,Starbound,,,khinsider_track_prominence_proxy,28.731462338822745,score_0_100,,,,71.4925849355291,,,,https://downloads.khinsider.com/game-soundtracks/album/starbound-unofficial-soundtrack-xone-ps4-pc-linux-macos-psv-2016,2026-10-05,Track title is taken from KHInsider's soundtrack/gamerip album index. Popularity is an explicitly labelled proxy based on BeatHit game rank and track prominence.,"{""culture_category"":""video_game_music"",""video_game"":""Starbound"",""game_rank"":1708,""game_association_kind"":""khinsider_game_soundtrack"",""khinsider_album_url"":""https://downloads.khinsider.com/game-soundtracks/album/starbound-unofficial-soundtrack-xone-ps4-pc-linux-macos-psv-2016"",""khinsider_album_title"":""Starbound (starbound-unofficial-soundtrack-xone-ps4-pc-linux-macos-psv-2016)"",""khinsider_album_kind"":""official_or_gamerip"",""khinsider_album_match_score"":100.0,""relevance_score_100"":100.0,""popularity_score_100"":28.731462338822745,""score_100"":71.4925849355291,""popularity_basis"":""BeatHit master-list game rank plus track position proxy""}"
120,Tentacle Battle 1 (Unused),Unknown credited artist,[],Starbound (starbound-unofficial-soundtrack-xone-ps4-pc-linux-macos-psv-2016),,,"[""video game soundtrack""]","[""und""]",,,,Starbound,,,khinsider_track_prominence_proxy,28.521462338822747,score_0_100,,,,71.40858493552909,,,,https://downloads.khinsider.com/game-soundtracks/album/starbound-unofficial-soundtrack-xone-ps4-pc-linux-macos-psv-2016,2026-10-05,Track title is taken from KHInsider's soundtrack/gamerip album index. Popularity is an explicitly labelled proxy based on BeatHit game rank and track prominence.,"{""culture_category"":""video_game_music"",""video_game"":""Starbound"",""game_rank"":1708,""game_association_kind"":""khinsider_game_soundtrack"",""khinsider_album_url"":""https://downloads.khinsider.com/game-soundtracks/album/starbound-unofficial-soundtrack-xone-ps4-pc-linux-macos-psv-2016"",""khinsider_album_title"":""Starbound (starbound-unofficial-soundtrack-xone-ps4-pc-linux-macos-psv-2016)"",""khinsider_album_kind"":""official_or_gamerip"",""khinsider_album_match_score"":100.0,""relevance_score_100"":100.0,""popularity_score_100"":28.521462338822747,""score_100"":71.40858493552909,""popularity_basis"":""BeatHit master-list game rank plus track position proxy""}"
121,Tentacle Exploration 1 (Unused),Unknown credited artist,[],Starbound (starbound-unofficial-soundtrack-xone-ps4-pc-linux-macos-psv-2016),,,"[""video game soundtrack""]","[""und""]",,,,Starbound,,,khinsider_track_prominence_proxy,28.311462338822746,score_0_100,,,,71.3245849355291,,,,https://downloads.khinsider.com/game-soundtracks/album/starbound-unofficial-soundtrack-xone-ps4-pc-linux-macos-psv-2016,2026-10-05,Track title is taken from KHInsider's soundtrack/gamerip album index. Popularity is an explicitly labelled proxy based on BeatHit game rank and track prominence.,"{""culture_category"":""video_game_music"",""video_game"":""Starbound"",""game_rank"":1708,""game_association_kind"":""khinsider_game_soundtrack"",""khinsider_album_url"":""https://downloads.khinsider.com/game-soundtracks/album/starbound-unofficial-soundtrack-xone-ps4-pc-linux-macos-psv-2016"",""khinsider_album_title"":""Starbound (starbound-unofficial-soundtrack-xone-ps4-pc-linux-macos-psv-2016)"",""khinsider_album_kind"":""official_or_gamerip"",""khinsider_album_match_score"":100.0,""relevance_score_100"":100.0,""popularity_score_100"":28.311462338822746,""score_100"":71.3245849355291,""popularity_basis"":""BeatHit master-list game rank plus track position proxy""}"
122,Tentacle Exploration 2 (Unused),Unknown credited artist,[],Starbound (starbound-unofficial-soundtrack-xone-ps4-pc-linux-macos-psv-2016),,,"[""video game soundtrack""]","[""und""]",,,,Starbound,,,khinsider_track_prominence_proxy,28.10146233882275,score_0_100,,,,71.2405849355291,,,,https://downloads.khinsider.com/game-soundtracks/album/starbound-unofficial-soundtrack-xone-ps4-pc-linux-macos-psv-2016,2026-10-05,Track title is taken from KHInsider's soundtrack/gamerip album index. Popularity is an explicitly labelled proxy based on BeatHit game rank and track prominence.,"{""culture_category"":""video_game_music"",""video_game"":""Starbound"",""game_rank"":1708,""game_association_kind"":""khinsider_game_soundtrack"",""khinsider_album_url"":""https://downloads.khinsider.com/game-soundtracks/album/starbound-unofficial-soundtrack-xone-ps4-pc-linux-macos-psv-2016"",""khinsider_album_title"":""Starbound (starbound-unofficial-soundtrack-xone-ps4-pc-linux-macos-psv-2016)"",""khinsider_album_kind"":""official_or_gamerip"",""khinsider_album_match_score"":100.0,""relevance_score_100"":100.0,""popularity_score_100"":28.10146233882275,""score_100"":71.2405849355291,""popularity_basis"":""BeatHit master-list game rank plus track position proxy""}"
123,Unfinished Track (Unused),Unknown credited artist,[],Starbound (starbound-unofficial-soundtrack-xone-ps4-pc-linux-macos-psv-2016),,,"[""video game soundtrack""]","[""und""]",,,,Starbound,,,khinsider_track_prominence_proxy,27.89146233882275,score_0_100,,,,71.1565849355291,,,,https://downloads.khinsider.com/game-soundtracks/album/starbound-unofficial-soundtrack-xone-ps4-pc-linux-macos-psv-2016,2026-10-05,Track title is taken from KHInsider's soundtrack/gamerip album index. Popularity is an explicitly labelled proxy based on BeatHit game rank and track prominence.,"{""culture_category"":""video_game_music"",""video_game"":""Starbound"",""game_rank"":1708,""game_association_kind"":""khinsider_game_soundtrack"",""khinsider_album_url"":""https://downloads.khinsider.com/game-soundtracks/album/starbound-unofficial-soundtrack-xone-ps4-pc-linux-macos-psv-2016"",""khinsider_album_title"":""Starbound (starbound-unofficial-soundtrack-xone-ps4-pc-linux-macos-psv-2016)"",""khinsider_album_kind"":""official_or_gamerip"",""khinsider_album_match_score"":100.0,""relevance_score_100"":100.0,""popularity_score_100"":27.89146233882275,""score_100"":71.1565849355291,""popularity_basis"":""BeatHit master-list game rank plus track position proxy""}"
124,Via Aurora (Unused),Unknown credited artist,[],Starbound (starbound-unofficial-soundtrack-xone-ps4-pc-linux-macos-psv-2016),,,"[""video game soundtrack""]","[""und""]",,,,Starbound,,,khinsider_track_prominence_proxy,27.681462338822747,score_0_100,,,,71.07258493552911,,,,https://downloads.khinsider.com/game-soundtracks/album/starbound-unofficial-soundtrack-xone-ps4-pc-linux-macos-psv-2016,2026-10-05,Track title is taken from KHInsider's soundtrack/gamerip album index. Popularity is an explicitly labelled proxy based on BeatHit game rank and track prominence.,"{""culture_category"":""video_game_music"",""video_game"":""Starbound"",""game_rank"":1708,""game_association_kind"":""khinsider_game_soundtrack"",""khinsider_album_url"":""https://downloads.khinsider.com/game-soundtracks/album/starbound-unofficial-soundtrack-xone-ps4-pc-linux-macos-psv-2016"",""khinsider_album_title"":""Starbound (starbound-unofficial-soundtrack-xone-ps4-pc-linux-macos-psv-2016)"",""khinsider_album_kind"":""official_or_gamerip"",""khinsider_album_match_score"":100.0,""relevance_score_100"":100.0,""popularity_score_100"":27.681462338822747,""score_100"":71.07258493552911,""popularity_basis"":""BeatHit master-list game rank plus track position proxy""}"
125,Dancebound (Bonus Track),Unknown credited artist,[],Starbound (starbound-unofficial-soundtrack-xone-ps4-pc-linux-macos-psv-2016),,,"[""video game soundtrack""]","[""und""]",,,,Starbound,,,khinsider_track_prominence_proxy,27.471462338822747,score_0_100,,,,70.9885849355291,,,,https://downloads.khinsider.com/game-soundtracks/album/starbound-unofficial-soundtrack-xone-ps4-pc-linux-macos-psv-2016,2026-10-05,Track title is taken from KHInsider's soundtrack/gamerip album index. Popularity is an explicitly labelled proxy based on BeatHit game rank and track prominence.,"{""culture_category"":""video_game_music"",""video_game"":""Starbound"",""game_rank"":1708,""game_association_kind"":""khinsider_game_soundtrack"",""khinsider_album_url"":""https://downloads.khinsider.com/game-soundtracks/album/starbound-unofficial-soundtrack-xone-ps4-pc-linux-macos-psv-2016"",""khinsider_album_title"":""Starbound (starbound-unofficial-soundtrack-xone-ps4-pc-linux-macos-psv-2016)"",""khinsider_album_kind"":""official_or_gamerip"",""khinsider_album_match_score"":100.0,""relevance_score_100"":100.0,""popularity_score_100"":27.471462338822747,""score_100"":70.9885849355291,""popularity_basis"":""BeatHit master-list game rank plus track position proxy""}"
126,Title Theme Concept (Bonus Track),Unknown credited artist,[],Starbound (starbound-unofficial-soundtrack-xone-ps4-pc-linux-macos-psv-2016),,,"[""video game soundtrack""]","[""und""]",,,,Starbound,,,khinsider_track_prominence_proxy,27.261462338822746,score_0_100,,,,70.9045849355291,,,,https://downloads.khinsider.com/game-soundtracks/album/starbound-unofficial-soundtrack-xone-ps4-pc-linux-macos-psv-2016,2026-10-05,Track title is taken from KHInsider's soundtrack/gamerip album index. Popularity is an explicitly labelled proxy based on BeatHit game rank and track prominence.,"{""culture_category"":""video_game_music"",""video_game"":""Starbound"",""game_rank"":1708,""game_association_kind"":""khinsider_game_soundtrack"",""khinsider_album_url"":""https://downloads.khinsider.com/game-soundtracks/album/starbound-unofficial-soundtrack-xone-ps4-pc-linux-macos-psv-2016"",""khinsider_album_title"":""Starbound (starbound-unofficial-soundtrack-xone-ps4-pc-linux-macos-psv-2016)"",""khinsider_album_kind"":""official_or_gamerip"",""khinsider_album_match_score"":100.0,""relevance_score_100"":100.0,""popularity_score_100"":27.261462338822746,""score_100"":70.9045849355291,""popularity_basis"":""BeatHit master-list game rank plus track position proxy""}"
127,Jupiter (Remix),Unknown credited artist,[],Starbound (starbound-unofficial-soundtrack-xone-ps4-pc-linux-macos-psv-2016),,,"[""video game soundtrack""]","[""und""]",,,,Starbound,,,khinsider_track_prominence_proxy,27.05146233882275,score_0_100,,,,70.8205849355291,,,,https://downloads.khinsider.com/game-soundtracks/album/starbound-unofficial-soundtrack-xone-ps4-pc-linux-macos-psv-2016,2026-10-05,Track title is taken from KHInsider's soundtrack/gamerip album index. Popularity is an explicitly labelled proxy based on BeatHit game rank and track prominence.,"{""culture_category"":""video_game_music"",""video_game"":""Starbound"",""game_rank"":1708,""game_association_kind"":""khinsider_game_soundtrack"",""khinsider_album_url"":""https://downloads.khinsider.com/game-soundtracks/album/starbound-unofficial-soundtrack-xone-ps4-pc-linux-macos-psv-2016"",""khinsider_album_title"":""Starbound (starbound-unofficial-soundtrack-xone-ps4-pc-linux-macos-psv-2016)"",""khinsider_album_kind"":""official_or_gamerip"",""khinsider_album_match_score"":100.0,""relevance_score_100"":100.0,""popularity_score_100"":27.05146233882275,""score_100"":70.8205849355291,""popularity_basis"":""BeatHit master-list game rank plus track position proxy""}"
128,"Weep not, my child",Unknown credited artist,[],Starbound (starbound-unofficial-soundtrack-xone-ps4-pc-linux-macos-psv-2016),,,"[""video game soundtrack""]","[""und""]",,,,Starbound,,,khinsider_track_prominence_proxy,26.841462338822748,score_0_100,,,,70.7365849355291,,,,https://downloads.khinsider.com/game-soundtracks/album/starbound-unofficial-soundtrack-xone-ps4-pc-linux-macos-psv-2016,2026-10-05,Track title is taken from KHInsider's soundtrack/gamerip album index. Popularity is an explicitly labelled proxy based on BeatHit game rank and track prominence.,"{""culture_category"":""video_game_music"",""video_game"":""Starbound"",""game_rank"":1708,""game_association_kind"":""khinsider_game_soundtrack"",""khinsider_album_url"":""https://downloads.khinsider.com/game-soundtracks/album/starbound-unofficial-soundtrack-xone-ps4-pc-linux-macos-psv-2016"",""khinsider_album_title"":""Starbound (starbound-unofficial-soundtrack-xone-ps4-pc-linux-macos-psv-2016)"",""khinsider_album_kind"":""official_or_gamerip"",""khinsider_album_match_score"":100.0,""relevance_score_100"":100.0,""popularity_score_100"":26.841462338822748,""score_100"":70.7365849355291,""popularity_basis"":""BeatHit master-list game rank plus track position proxy""}"
