rank,title,main_artist,featured_artists,album,release_date,release_year,genres,languages,composer,anime_title,anime_popularity,screen_work,vtuber,is_original,metric_name,metric_value,metric_unit,listen_count,listen_source,view_count,overall_popularity_score,spotify_track_id,musicbrainz_recording_mbid,isrc,source_url,retrieved_at,source_notes,extra
1,Aerosol,Unknown credited artist,[],Who's Lila? OST (whos-lila-ost-2022),,,"[""video game soundtrack""]","[""und""]",,,,Who's Lila?,,,khinsider_track_prominence_proxy,43.268579952334015,score_0_100,,,,77.30743198093361,,,,https://downloads.khinsider.com/game-soundtracks/album/whos-lila-ost-2022,2026-10-05,Track title is taken from KHInsider's soundtrack/gamerip album index. Popularity is an explicitly labelled proxy based on BeatHit game rank and track prominence.,"{""culture_category"":""video_game_music"",""video_game"":""Who's Lila?"",""game_rank"":1745,""game_association_kind"":""khinsider_game_soundtrack"",""khinsider_album_url"":""https://downloads.khinsider.com/game-soundtracks/album/whos-lila-ost-2022"",""khinsider_album_title"":""Who's Lila? OST (whos-lila-ost-2022)"",""khinsider_album_kind"":""official_or_gamerip"",""khinsider_album_match_score"":100.0,""relevance_score_100"":100.0,""popularity_score_100"":43.268579952334015,""score_100"":77.30743198093361,""popularity_basis"":""BeatHit master-list game rank plus track position proxy""}"
2,Apartments,Unknown credited artist,[],Who's Lila? OST (whos-lila-ost-2022),,,"[""video game soundtrack""]","[""und""]",,,,Who's Lila?,,,khinsider_track_prominence_proxy,43.058579952334014,score_0_100,,,,77.22343198093361,,,,https://downloads.khinsider.com/game-soundtracks/album/whos-lila-ost-2022,2026-10-05,Track title is taken from KHInsider's soundtrack/gamerip album index. Popularity is an explicitly labelled proxy based on BeatHit game rank and track prominence.,"{""culture_category"":""video_game_music"",""video_game"":""Who's Lila?"",""game_rank"":1745,""game_association_kind"":""khinsider_game_soundtrack"",""khinsider_album_url"":""https://downloads.khinsider.com/game-soundtracks/album/whos-lila-ost-2022"",""khinsider_album_title"":""Who's Lila? OST (whos-lila-ost-2022)"",""khinsider_album_kind"":""official_or_gamerip"",""khinsider_album_match_score"":100.0,""relevance_score_100"":100.0,""popularity_score_100"":43.058579952334014,""score_100"":77.22343198093361,""popularity_basis"":""BeatHit master-list game rank plus track position proxy""}"
3,Ascension,Unknown credited artist,[],Who's Lila? OST (whos-lila-ost-2022),,,"[""video game soundtrack""]","[""und""]",,,,Who's Lila?,,,khinsider_track_prominence_proxy,42.84857995233401,score_0_100,,,,77.13943198093361,,,,https://downloads.khinsider.com/game-soundtracks/album/whos-lila-ost-2022,2026-10-05,Track title is taken from KHInsider's soundtrack/gamerip album index. Popularity is an explicitly labelled proxy based on BeatHit game rank and track prominence.,"{""culture_category"":""video_game_music"",""video_game"":""Who's Lila?"",""game_rank"":1745,""game_association_kind"":""khinsider_game_soundtrack"",""khinsider_album_url"":""https://downloads.khinsider.com/game-soundtracks/album/whos-lila-ost-2022"",""khinsider_album_title"":""Who's Lila? OST (whos-lila-ost-2022)"",""khinsider_album_kind"":""official_or_gamerip"",""khinsider_album_match_score"":100.0,""relevance_score_100"":100.0,""popularity_score_100"":42.84857995233401,""score_100"":77.13943198093361,""popularity_basis"":""BeatHit master-list game rank plus track position proxy""}"
4,Ashes,Unknown credited artist,[],Who's Lila? OST (whos-lila-ost-2022),,,"[""video game soundtrack""]","[""und""]",,,,Who's Lila?,,,khinsider_track_prominence_proxy,42.63857995233401,score_0_100,,,,77.0554319809336,,,,https://downloads.khinsider.com/game-soundtracks/album/whos-lila-ost-2022,2026-10-05,Track title is taken from KHInsider's soundtrack/gamerip album index. Popularity is an explicitly labelled proxy based on BeatHit game rank and track prominence.,"{""culture_category"":""video_game_music"",""video_game"":""Who's Lila?"",""game_rank"":1745,""game_association_kind"":""khinsider_game_soundtrack"",""khinsider_album_url"":""https://downloads.khinsider.com/game-soundtracks/album/whos-lila-ost-2022"",""khinsider_album_title"":""Who's Lila? OST (whos-lila-ost-2022)"",""khinsider_album_kind"":""official_or_gamerip"",""khinsider_album_match_score"":100.0,""relevance_score_100"":100.0,""popularity_score_100"":42.63857995233401,""score_100"":77.0554319809336,""popularity_basis"":""BeatHit master-list game rank plus track position proxy""}"
5,Fisher,Unknown credited artist,[],Who's Lila? OST (whos-lila-ost-2022),,,"[""video game soundtrack""]","[""und""]",,,,Who's Lila?,,,khinsider_track_prominence_proxy,42.42857995233402,score_0_100,,,,76.9714319809336,,,,https://downloads.khinsider.com/game-soundtracks/album/whos-lila-ost-2022,2026-10-05,Track title is taken from KHInsider's soundtrack/gamerip album index. Popularity is an explicitly labelled proxy based on BeatHit game rank and track prominence.,"{""culture_category"":""video_game_music"",""video_game"":""Who's Lila?"",""game_rank"":1745,""game_association_kind"":""khinsider_game_soundtrack"",""khinsider_album_url"":""https://downloads.khinsider.com/game-soundtracks/album/whos-lila-ost-2022"",""khinsider_album_title"":""Who's Lila? OST (whos-lila-ost-2022)"",""khinsider_album_kind"":""official_or_gamerip"",""khinsider_album_match_score"":100.0,""relevance_score_100"":100.0,""popularity_score_100"":42.42857995233402,""score_100"":76.9714319809336,""popularity_basis"":""BeatHit master-list game rank plus track position proxy""}"
6,Hospital,Unknown credited artist,[],Who's Lila? OST (whos-lila-ost-2022),,,"[""video game soundtrack""]","[""und""]",,,,Who's Lila?,,,khinsider_track_prominence_proxy,42.21857995233401,score_0_100,,,,76.8874319809336,,,,https://downloads.khinsider.com/game-soundtracks/album/whos-lila-ost-2022,2026-10-05,Track title is taken from KHInsider's soundtrack/gamerip album index. Popularity is an explicitly labelled proxy based on BeatHit game rank and track prominence.,"{""culture_category"":""video_game_music"",""video_game"":""Who's Lila?"",""game_rank"":1745,""game_association_kind"":""khinsider_game_soundtrack"",""khinsider_album_url"":""https://downloads.khinsider.com/game-soundtracks/album/whos-lila-ost-2022"",""khinsider_album_title"":""Who's Lila? OST (whos-lila-ost-2022)"",""khinsider_album_kind"":""official_or_gamerip"",""khinsider_album_match_score"":100.0,""relevance_score_100"":100.0,""popularity_score_100"":42.21857995233401,""score_100"":76.8874319809336,""popularity_basis"":""BeatHit master-list game rank plus track position proxy""}"
7,The Veil,Unknown credited artist,[],Who's Lila? OST (whos-lila-ost-2022),,,"[""video game soundtrack""]","[""und""]",,,,Who's Lila?,,,khinsider_track_prominence_proxy,42.00857995233402,score_0_100,,,,76.80343198093361,,,,https://downloads.khinsider.com/game-soundtracks/album/whos-lila-ost-2022,2026-10-05,Track title is taken from KHInsider's soundtrack/gamerip album index. Popularity is an explicitly labelled proxy based on BeatHit game rank and track prominence.,"{""culture_category"":""video_game_music"",""video_game"":""Who's Lila?"",""game_rank"":1745,""game_association_kind"":""khinsider_game_soundtrack"",""khinsider_album_url"":""https://downloads.khinsider.com/game-soundtracks/album/whos-lila-ost-2022"",""khinsider_album_title"":""Who's Lila? OST (whos-lila-ost-2022)"",""khinsider_album_kind"":""official_or_gamerip"",""khinsider_album_match_score"":100.0,""relevance_score_100"":100.0,""popularity_score_100"":42.00857995233402,""score_100"":76.80343198093361,""popularity_basis"":""BeatHit master-list game rank plus track position proxy""}"
8,Clouds,Unknown credited artist,[],Who's Lila? OST (whos-lila-ost-2022),,,"[""video game soundtrack""]","[""und""]",,,,Who's Lila?,,,khinsider_track_prominence_proxy,41.79857995233401,score_0_100,,,,76.7194319809336,,,,https://downloads.khinsider.com/game-soundtracks/album/whos-lila-ost-2022,2026-10-05,Track title is taken from KHInsider's soundtrack/gamerip album index. Popularity is an explicitly labelled proxy based on BeatHit game rank and track prominence.,"{""culture_category"":""video_game_music"",""video_game"":""Who's Lila?"",""game_rank"":1745,""game_association_kind"":""khinsider_game_soundtrack"",""khinsider_album_url"":""https://downloads.khinsider.com/game-soundtracks/album/whos-lila-ost-2022"",""khinsider_album_title"":""Who's Lila? OST (whos-lila-ost-2022)"",""khinsider_album_kind"":""official_or_gamerip"",""khinsider_album_match_score"":100.0,""relevance_score_100"":100.0,""popularity_score_100"":41.79857995233401,""score_100"":76.7194319809336,""popularity_basis"":""BeatHit master-list game rank plus track position proxy""}"
9,Creacks,Unknown credited artist,[],Who's Lila? OST (whos-lila-ost-2022),,,"[""video game soundtrack""]","[""und""]",,,,Who's Lila?,,,khinsider_track_prominence_proxy,41.588579952334015,score_0_100,,,,76.6354319809336,,,,https://downloads.khinsider.com/game-soundtracks/album/whos-lila-ost-2022,2026-10-05,Track title is taken from KHInsider's soundtrack/gamerip album index. Popularity is an explicitly labelled proxy based on BeatHit game rank and track prominence.,"{""culture_category"":""video_game_music"",""video_game"":""Who's Lila?"",""game_rank"":1745,""game_association_kind"":""khinsider_game_soundtrack"",""khinsider_album_url"":""https://downloads.khinsider.com/game-soundtracks/album/whos-lila-ost-2022"",""khinsider_album_title"":""Who's Lila? OST (whos-lila-ost-2022)"",""khinsider_album_kind"":""official_or_gamerip"",""khinsider_album_match_score"":100.0,""relevance_score_100"":100.0,""popularity_score_100"":41.588579952334015,""score_100"":76.6354319809336,""popularity_basis"":""BeatHit master-list game rank plus track position proxy""}"
10,The Empress,Unknown credited artist,[],Who's Lila? OST (whos-lila-ost-2022),,,"[""video game soundtrack""]","[""und""]",,,,Who's Lila?,,,khinsider_track_prominence_proxy,41.378579952334015,score_0_100,,,,76.55143198093361,,,,https://downloads.khinsider.com/game-soundtracks/album/whos-lila-ost-2022,2026-10-05,Track title is taken from KHInsider's soundtrack/gamerip album index. Popularity is an explicitly labelled proxy based on BeatHit game rank and track prominence.,"{""culture_category"":""video_game_music"",""video_game"":""Who's Lila?"",""game_rank"":1745,""game_association_kind"":""khinsider_game_soundtrack"",""khinsider_album_url"":""https://downloads.khinsider.com/game-soundtracks/album/whos-lila-ost-2022"",""khinsider_album_title"":""Who's Lila? OST (whos-lila-ost-2022)"",""khinsider_album_kind"":""official_or_gamerip"",""khinsider_album_match_score"":100.0,""relevance_score_100"":100.0,""popularity_score_100"":41.378579952334015,""score_100"":76.55143198093361,""popularity_basis"":""BeatHit master-list game rank plus track position proxy""}"
11,End Of The Night,Unknown credited artist,[],Who's Lila? OST (whos-lila-ost-2022),,,"[""video game soundtrack""]","[""und""]",,,,Who's Lila?,,,khinsider_track_prominence_proxy,41.168579952334014,score_0_100,,,,76.46743198093361,,,,https://downloads.khinsider.com/game-soundtracks/album/whos-lila-ost-2022,2026-10-05,Track title is taken from KHInsider's soundtrack/gamerip album index. Popularity is an explicitly labelled proxy based on BeatHit game rank and track prominence.,"{""culture_category"":""video_game_music"",""video_game"":""Who's Lila?"",""game_rank"":1745,""game_association_kind"":""khinsider_game_soundtrack"",""khinsider_album_url"":""https://downloads.khinsider.com/game-soundtracks/album/whos-lila-ost-2022"",""khinsider_album_title"":""Who's Lila? OST (whos-lila-ost-2022)"",""khinsider_album_kind"":""official_or_gamerip"",""khinsider_album_match_score"":100.0,""relevance_score_100"":100.0,""popularity_score_100"":41.168579952334014,""score_100"":76.46743198093361,""popularity_basis"":""BeatHit master-list game rank plus track position proxy""}"
12,Exodus Hall,Unknown credited artist,[],Who's Lila? OST (whos-lila-ost-2022),,,"[""video game soundtrack""]","[""und""]",,,,Who's Lila?,,,khinsider_track_prominence_proxy,40.95857995233401,score_0_100,,,,76.38343198093361,,,,https://downloads.khinsider.com/game-soundtracks/album/whos-lila-ost-2022,2026-10-05,Track title is taken from KHInsider's soundtrack/gamerip album index. Popularity is an explicitly labelled proxy based on BeatHit game rank and track prominence.,"{""culture_category"":""video_game_music"",""video_game"":""Who's Lila?"",""game_rank"":1745,""game_association_kind"":""khinsider_game_soundtrack"",""khinsider_album_url"":""https://downloads.khinsider.com/game-soundtracks/album/whos-lila-ost-2022"",""khinsider_album_title"":""Who's Lila? OST (whos-lila-ost-2022)"",""khinsider_album_kind"":""official_or_gamerip"",""khinsider_album_match_score"":100.0,""relevance_score_100"":100.0,""popularity_score_100"":40.95857995233401,""score_100"":76.38343198093361,""popularity_basis"":""BeatHit master-list game rank plus track position proxy""}"
13,Field Walk,Unknown credited artist,[],Who's Lila? OST (whos-lila-ost-2022),,,"[""video game soundtrack""]","[""und""]",,,,Who's Lila?,,,khinsider_track_prominence_proxy,40.74857995233401,score_0_100,,,,76.2994319809336,,,,https://downloads.khinsider.com/game-soundtracks/album/whos-lila-ost-2022,2026-10-05,Track title is taken from KHInsider's soundtrack/gamerip album index. Popularity is an explicitly labelled proxy based on BeatHit game rank and track prominence.,"{""culture_category"":""video_game_music"",""video_game"":""Who's Lila?"",""game_rank"":1745,""game_association_kind"":""khinsider_game_soundtrack"",""khinsider_album_url"":""https://downloads.khinsider.com/game-soundtracks/album/whos-lila-ost-2022"",""khinsider_album_title"":""Who's Lila? OST (whos-lila-ost-2022)"",""khinsider_album_kind"":""official_or_gamerip"",""khinsider_album_match_score"":100.0,""relevance_score_100"":100.0,""popularity_score_100"":40.74857995233401,""score_100"":76.2994319809336,""popularity_basis"":""BeatHit master-list game rank plus track position proxy""}"
14,Fish,Unknown credited artist,[],Who's Lila? OST (whos-lila-ost-2022),,,"[""video game soundtrack""]","[""und""]",,,,Who's Lila?,,,khinsider_track_prominence_proxy,40.53857995233402,score_0_100,,,,76.2154319809336,,,,https://downloads.khinsider.com/game-soundtracks/album/whos-lila-ost-2022,2026-10-05,Track title is taken from KHInsider's soundtrack/gamerip album index. Popularity is an explicitly labelled proxy based on BeatHit game rank and track prominence.,"{""culture_category"":""video_game_music"",""video_game"":""Who's Lila?"",""game_rank"":1745,""game_association_kind"":""khinsider_game_soundtrack"",""khinsider_album_url"":""https://downloads.khinsider.com/game-soundtracks/album/whos-lila-ost-2022"",""khinsider_album_title"":""Who's Lila? OST (whos-lila-ost-2022)"",""khinsider_album_kind"":""official_or_gamerip"",""khinsider_album_match_score"":100.0,""relevance_score_100"":100.0,""popularity_score_100"":40.53857995233402,""score_100"":76.2154319809336,""popularity_basis"":""BeatHit master-list game rank plus track position proxy""}"
15,Friends,Unknown credited artist,[],Who's Lila? OST (whos-lila-ost-2022),,,"[""video game soundtrack""]","[""und""]",,,,Who's Lila?,,,khinsider_track_prominence_proxy,40.32857995233401,score_0_100,,,,76.1314319809336,,,,https://downloads.khinsider.com/game-soundtracks/album/whos-lila-ost-2022,2026-10-05,Track title is taken from KHInsider's soundtrack/gamerip album index. Popularity is an explicitly labelled proxy based on BeatHit game rank and track prominence.,"{""culture_category"":""video_game_music"",""video_game"":""Who's Lila?"",""game_rank"":1745,""game_association_kind"":""khinsider_game_soundtrack"",""khinsider_album_url"":""https://downloads.khinsider.com/game-soundtracks/album/whos-lila-ost-2022"",""khinsider_album_title"":""Who's Lila? OST (whos-lila-ost-2022)"",""khinsider_album_kind"":""official_or_gamerip"",""khinsider_album_match_score"":100.0,""relevance_score_100"":100.0,""popularity_score_100"":40.32857995233401,""score_100"":76.1314319809336,""popularity_basis"":""BeatHit master-list game rank plus track position proxy""}"
16,Girl2Bits,Unknown credited artist,[],Who's Lila? OST (whos-lila-ost-2022),,,"[""video game soundtrack""]","[""und""]",,,,Who's Lila?,,,khinsider_track_prominence_proxy,40.11857995233402,score_0_100,,,,76.04743198093361,,,,https://downloads.khinsider.com/game-soundtracks/album/whos-lila-ost-2022,2026-10-05,Track title is taken from KHInsider's soundtrack/gamerip album index. Popularity is an explicitly labelled proxy based on BeatHit game rank and track prominence.,"{""culture_category"":""video_game_music"",""video_game"":""Who's Lila?"",""game_rank"":1745,""game_association_kind"":""khinsider_game_soundtrack"",""khinsider_album_url"":""https://downloads.khinsider.com/game-soundtracks/album/whos-lila-ost-2022"",""khinsider_album_title"":""Who's Lila? OST (whos-lila-ost-2022)"",""khinsider_album_kind"":""official_or_gamerip"",""khinsider_album_match_score"":100.0,""relevance_score_100"":100.0,""popularity_score_100"":40.11857995233402,""score_100"":76.04743198093361,""popularity_basis"":""BeatHit master-list game rank plus track position proxy""}"
17,"Hi, Martha",Unknown credited artist,[],Who's Lila? OST (whos-lila-ost-2022),,,"[""video game soundtrack""]","[""und""]",,,,Who's Lila?,,,khinsider_track_prominence_proxy,39.90857995233401,score_0_100,,,,75.9634319809336,,,,https://downloads.khinsider.com/game-soundtracks/album/whos-lila-ost-2022,2026-10-05,Track title is taken from KHInsider's soundtrack/gamerip album index. Popularity is an explicitly labelled proxy based on BeatHit game rank and track prominence.,"{""culture_category"":""video_game_music"",""video_game"":""Who's Lila?"",""game_rank"":1745,""game_association_kind"":""khinsider_game_soundtrack"",""khinsider_album_url"":""https://downloads.khinsider.com/game-soundtracks/album/whos-lila-ost-2022"",""khinsider_album_title"":""Who's Lila? OST (whos-lila-ost-2022)"",""khinsider_album_kind"":""official_or_gamerip"",""khinsider_album_match_score"":100.0,""relevance_score_100"":100.0,""popularity_score_100"":39.90857995233401,""score_100"":75.9634319809336,""popularity_basis"":""BeatHit master-list game rank plus track position proxy""}"
18,Interrogation,Unknown credited artist,[],Who's Lila? OST (whos-lila-ost-2022),,,"[""video game soundtrack""]","[""und""]",,,,Who's Lila?,,,khinsider_track_prominence_proxy,39.698579952334015,score_0_100,,,,75.8794319809336,,,,https://downloads.khinsider.com/game-soundtracks/album/whos-lila-ost-2022,2026-10-05,Track title is taken from KHInsider's soundtrack/gamerip album index. Popularity is an explicitly labelled proxy based on BeatHit game rank and track prominence.,"{""culture_category"":""video_game_music"",""video_game"":""Who's Lila?"",""game_rank"":1745,""game_association_kind"":""khinsider_game_soundtrack"",""khinsider_album_url"":""https://downloads.khinsider.com/game-soundtracks/album/whos-lila-ost-2022"",""khinsider_album_title"":""Who's Lila? OST (whos-lila-ost-2022)"",""khinsider_album_kind"":""official_or_gamerip"",""khinsider_album_match_score"":100.0,""relevance_score_100"":100.0,""popularity_score_100"":39.698579952334015,""score_100"":75.8794319809336,""popularity_basis"":""BeatHit master-list game rank plus track position proxy""}"
19,LilaChase,Unknown credited artist,[],Who's Lila? OST (whos-lila-ost-2022),,,"[""video game soundtrack""]","[""und""]",,,,Who's Lila?,,,khinsider_track_prominence_proxy,39.48857995233402,score_0_100,,,,75.79543198093361,,,,https://downloads.khinsider.com/game-soundtracks/album/whos-lila-ost-2022,2026-10-05,Track title is taken from KHInsider's soundtrack/gamerip album index. Popularity is an explicitly labelled proxy based on BeatHit game rank and track prominence.,"{""culture_category"":""video_game_music"",""video_game"":""Who's Lila?"",""game_rank"":1745,""game_association_kind"":""khinsider_game_soundtrack"",""khinsider_album_url"":""https://downloads.khinsider.com/game-soundtracks/album/whos-lila-ost-2022"",""khinsider_album_title"":""Who's Lila? OST (whos-lila-ost-2022)"",""khinsider_album_kind"":""official_or_gamerip"",""khinsider_album_match_score"":100.0,""relevance_score_100"":100.0,""popularity_score_100"":39.48857995233402,""score_100"":75.79543198093361,""popularity_basis"":""BeatHit master-list game rank plus track position proxy""}"
20,The Dream,Unknown credited artist,[],Who's Lila? OST (whos-lila-ost-2022),,,"[""video game soundtrack""]","[""und""]",,,,Who's Lila?,,,khinsider_track_prominence_proxy,39.27857995233401,score_0_100,,,,75.71143198093361,,,,https://downloads.khinsider.com/game-soundtracks/album/whos-lila-ost-2022,2026-10-05,Track title is taken from KHInsider's soundtrack/gamerip album index. Popularity is an explicitly labelled proxy based on BeatHit game rank and track prominence.,"{""culture_category"":""video_game_music"",""video_game"":""Who's Lila?"",""game_rank"":1745,""game_association_kind"":""khinsider_game_soundtrack"",""khinsider_album_url"":""https://downloads.khinsider.com/game-soundtracks/album/whos-lila-ost-2022"",""khinsider_album_title"":""Who's Lila? OST (whos-lila-ost-2022)"",""khinsider_album_kind"":""official_or_gamerip"",""khinsider_album_match_score"":100.0,""relevance_score_100"":100.0,""popularity_score_100"":39.27857995233401,""score_100"":75.71143198093361,""popularity_basis"":""BeatHit master-list game rank plus track position proxy""}"
21,Michael Graves,Unknown credited artist,[],Who's Lila? OST (whos-lila-ost-2022),,,"[""video game soundtrack""]","[""und""]",,,,Who's Lila?,,,khinsider_track_prominence_proxy,39.06857995233402,score_0_100,,,,75.62743198093361,,,,https://downloads.khinsider.com/game-soundtracks/album/whos-lila-ost-2022,2026-10-05,Track title is taken from KHInsider's soundtrack/gamerip album index. Popularity is an explicitly labelled proxy based on BeatHit game rank and track prominence.,"{""culture_category"":""video_game_music"",""video_game"":""Who's Lila?"",""game_rank"":1745,""game_association_kind"":""khinsider_game_soundtrack"",""khinsider_album_url"":""https://downloads.khinsider.com/game-soundtracks/album/whos-lila-ost-2022"",""khinsider_album_title"":""Who's Lila? OST (whos-lila-ost-2022)"",""khinsider_album_kind"":""official_or_gamerip"",""khinsider_album_match_score"":100.0,""relevance_score_100"":100.0,""popularity_score_100"":39.06857995233402,""score_100"":75.62743198093361,""popularity_basis"":""BeatHit master-list game rank plus track position proxy""}"
22,Upstairs,Unknown credited artist,[],Who's Lila? OST (whos-lila-ost-2022),,,"[""video game soundtrack""]","[""und""]",,,,Who's Lila?,,,khinsider_track_prominence_proxy,38.85857995233401,score_0_100,,,,75.5434319809336,,,,https://downloads.khinsider.com/game-soundtracks/album/whos-lila-ost-2022,2026-10-05,Track title is taken from KHInsider's soundtrack/gamerip album index. Popularity is an explicitly labelled proxy based on BeatHit game rank and track prominence.,"{""culture_category"":""video_game_music"",""video_game"":""Who's Lila?"",""game_rank"":1745,""game_association_kind"":""khinsider_game_soundtrack"",""khinsider_album_url"":""https://downloads.khinsider.com/game-soundtracks/album/whos-lila-ost-2022"",""khinsider_album_title"":""Who's Lila? OST (whos-lila-ost-2022)"",""khinsider_album_kind"":""official_or_gamerip"",""khinsider_album_match_score"":100.0,""relevance_score_100"":100.0,""popularity_score_100"":38.85857995233401,""score_100"":75.5434319809336,""popularity_basis"":""BeatHit master-list game rank plus track position proxy""}"
23,Party Outside,Unknown credited artist,[],Who's Lila? OST (whos-lila-ost-2022),,,"[""video game soundtrack""]","[""und""]",,,,Who's Lila?,,,khinsider_track_prominence_proxy,38.64857995233402,score_0_100,,,,75.4594319809336,,,,https://downloads.khinsider.com/game-soundtracks/album/whos-lila-ost-2022,2026-10-05,Track title is taken from KHInsider's soundtrack/gamerip album index. Popularity is an explicitly labelled proxy based on BeatHit game rank and track prominence.,"{""culture_category"":""video_game_music"",""video_game"":""Who's Lila?"",""game_rank"":1745,""game_association_kind"":""khinsider_game_soundtrack"",""khinsider_album_url"":""https://downloads.khinsider.com/game-soundtracks/album/whos-lila-ost-2022"",""khinsider_album_title"":""Who's Lila? OST (whos-lila-ost-2022)"",""khinsider_album_kind"":""official_or_gamerip"",""khinsider_album_match_score"":100.0,""relevance_score_100"":100.0,""popularity_score_100"":38.64857995233402,""score_100"":75.4594319809336,""popularity_basis"":""BeatHit master-list game rank plus track position proxy""}"
24,Police Office,Unknown credited artist,[],Who's Lila? OST (whos-lila-ost-2022),,,"[""video game soundtrack""]","[""und""]",,,,Who's Lila?,,,khinsider_track_prominence_proxy,38.43857995233402,score_0_100,,,,75.37543198093361,,,,https://downloads.khinsider.com/game-soundtracks/album/whos-lila-ost-2022,2026-10-05,Track title is taken from KHInsider's soundtrack/gamerip album index. Popularity is an explicitly labelled proxy based on BeatHit game rank and track prominence.,"{""culture_category"":""video_game_music"",""video_game"":""Who's Lila?"",""game_rank"":1745,""game_association_kind"":""khinsider_game_soundtrack"",""khinsider_album_url"":""https://downloads.khinsider.com/game-soundtracks/album/whos-lila-ost-2022"",""khinsider_album_title"":""Who's Lila? OST (whos-lila-ost-2022)"",""khinsider_album_kind"":""official_or_gamerip"",""khinsider_album_match_score"":100.0,""relevance_score_100"":100.0,""popularity_score_100"":38.43857995233402,""score_100"":75.37543198093361,""popularity_basis"":""BeatHit master-list game rank plus track position proxy""}"
25,Quiet Floors,Unknown credited artist,[],Who's Lila? OST (whos-lila-ost-2022),,,"[""video game soundtrack""]","[""und""]",,,,Who's Lila?,,,khinsider_track_prominence_proxy,38.228579952334016,score_0_100,,,,75.29143198093361,,,,https://downloads.khinsider.com/game-soundtracks/album/whos-lila-ost-2022,2026-10-05,Track title is taken from KHInsider's soundtrack/gamerip album index. Popularity is an explicitly labelled proxy based on BeatHit game rank and track prominence.,"{""culture_category"":""video_game_music"",""video_game"":""Who's Lila?"",""game_rank"":1745,""game_association_kind"":""khinsider_game_soundtrack"",""khinsider_album_url"":""https://downloads.khinsider.com/game-soundtracks/album/whos-lila-ost-2022"",""khinsider_album_title"":""Who's Lila? OST (whos-lila-ost-2022)"",""khinsider_album_kind"":""official_or_gamerip"",""khinsider_album_match_score"":100.0,""relevance_score_100"":100.0,""popularity_score_100"":38.228579952334016,""score_100"":75.29143198093361,""popularity_basis"":""BeatHit master-list game rank plus track position proxy""}"
26,Quiet Floors (Slowed down),Unknown credited artist,[],Who's Lila? OST (whos-lila-ost-2022),,,"[""video game soundtrack""]","[""und""]",,,,Who's Lila?,,,khinsider_track_prominence_proxy,38.018579952334015,score_0_100,,,,75.2074319809336,,,,https://downloads.khinsider.com/game-soundtracks/album/whos-lila-ost-2022,2026-10-05,Track title is taken from KHInsider's soundtrack/gamerip album index. Popularity is an explicitly labelled proxy based on BeatHit game rank and track prominence.,"{""culture_category"":""video_game_music"",""video_game"":""Who's Lila?"",""game_rank"":1745,""game_association_kind"":""khinsider_game_soundtrack"",""khinsider_album_url"":""https://downloads.khinsider.com/game-soundtracks/album/whos-lila-ost-2022"",""khinsider_album_title"":""Who's Lila? OST (whos-lila-ost-2022)"",""khinsider_album_kind"":""official_or_gamerip"",""khinsider_album_match_score"":100.0,""relevance_score_100"":100.0,""popularity_score_100"":38.018579952334015,""score_100"":75.2074319809336,""popularity_basis"":""BeatHit master-list game rank plus track position proxy""}"
27,Unwanted Revelations,Unknown credited artist,[],Who's Lila? OST (whos-lila-ost-2022),,,"[""video game soundtrack""]","[""und""]",,,,Who's Lila?,,,khinsider_track_prominence_proxy,37.808579952334014,score_0_100,,,,75.1234319809336,,,,https://downloads.khinsider.com/game-soundtracks/album/whos-lila-ost-2022,2026-10-05,Track title is taken from KHInsider's soundtrack/gamerip album index. Popularity is an explicitly labelled proxy based on BeatHit game rank and track prominence.,"{""culture_category"":""video_game_music"",""video_game"":""Who's Lila?"",""game_rank"":1745,""game_association_kind"":""khinsider_game_soundtrack"",""khinsider_album_url"":""https://downloads.khinsider.com/game-soundtracks/album/whos-lila-ost-2022"",""khinsider_album_title"":""Who's Lila? OST (whos-lila-ost-2022)"",""khinsider_album_kind"":""official_or_gamerip"",""khinsider_album_match_score"":100.0,""relevance_score_100"":100.0,""popularity_score_100"":37.808579952334014,""score_100"":75.1234319809336,""popularity_basis"":""BeatHit master-list game rank plus track position proxy""}"
28,School,Unknown credited artist,[],Who's Lila? OST (whos-lila-ost-2022),,,"[""video game soundtrack""]","[""und""]",,,,Who's Lila?,,,khinsider_track_prominence_proxy,37.59857995233401,score_0_100,,,,75.03943198093361,,,,https://downloads.khinsider.com/game-soundtracks/album/whos-lila-ost-2022,2026-10-05,Track title is taken from KHInsider's soundtrack/gamerip album index. Popularity is an explicitly labelled proxy based on BeatHit game rank and track prominence.,"{""culture_category"":""video_game_music"",""video_game"":""Who's Lila?"",""game_rank"":1745,""game_association_kind"":""khinsider_game_soundtrack"",""khinsider_album_url"":""https://downloads.khinsider.com/game-soundtracks/album/whos-lila-ost-2022"",""khinsider_album_title"":""Who's Lila? OST (whos-lila-ost-2022)"",""khinsider_album_kind"":""official_or_gamerip"",""khinsider_album_match_score"":100.0,""relevance_score_100"":100.0,""popularity_score_100"":37.59857995233401,""score_100"":75.03943198093361,""popularity_basis"":""BeatHit master-list game rank plus track position proxy""}"
29,Shadows,Unknown credited artist,[],Who's Lila? OST (whos-lila-ost-2022),,,"[""video game soundtrack""]","[""und""]",,,,Who's Lila?,,,khinsider_track_prominence_proxy,37.38857995233401,score_0_100,,,,74.95543198093361,,,,https://downloads.khinsider.com/game-soundtracks/album/whos-lila-ost-2022,2026-10-05,Track title is taken from KHInsider's soundtrack/gamerip album index. Popularity is an explicitly labelled proxy based on BeatHit game rank and track prominence.,"{""culture_category"":""video_game_music"",""video_game"":""Who's Lila?"",""game_rank"":1745,""game_association_kind"":""khinsider_game_soundtrack"",""khinsider_album_url"":""https://downloads.khinsider.com/game-soundtracks/album/whos-lila-ost-2022"",""khinsider_album_title"":""Who's Lila? OST (whos-lila-ost-2022)"",""khinsider_album_kind"":""official_or_gamerip"",""khinsider_album_match_score"":100.0,""relevance_score_100"":100.0,""popularity_score_100"":37.38857995233401,""score_100"":74.95543198093361,""popularity_basis"":""BeatHit master-list game rank plus track position proxy""}"
30,Soundscape #1,Unknown credited artist,[],Who's Lila? OST (whos-lila-ost-2022),,,"[""video game soundtrack""]","[""und""]",,,,Who's Lila?,,,khinsider_track_prominence_proxy,37.17857995233402,score_0_100,,,,74.87143198093361,,,,https://downloads.khinsider.com/game-soundtracks/album/whos-lila-ost-2022,2026-10-05,Track title is taken from KHInsider's soundtrack/gamerip album index. Popularity is an explicitly labelled proxy based on BeatHit game rank and track prominence.,"{""culture_category"":""video_game_music"",""video_game"":""Who's Lila?"",""game_rank"":1745,""game_association_kind"":""khinsider_game_soundtrack"",""khinsider_album_url"":""https://downloads.khinsider.com/game-soundtracks/album/whos-lila-ost-2022"",""khinsider_album_title"":""Who's Lila? OST (whos-lila-ost-2022)"",""khinsider_album_kind"":""official_or_gamerip"",""khinsider_album_match_score"":100.0,""relevance_score_100"":100.0,""popularity_score_100"":37.17857995233402,""score_100"":74.87143198093361,""popularity_basis"":""BeatHit master-list game rank plus track position proxy""}"
31,Soundscape #2,Unknown credited artist,[],Who's Lila? OST (whos-lila-ost-2022),,,"[""video game soundtrack""]","[""und""]",,,,Who's Lila?,,,khinsider_track_prominence_proxy,36.96857995233401,score_0_100,,,,74.7874319809336,,,,https://downloads.khinsider.com/game-soundtracks/album/whos-lila-ost-2022,2026-10-05,Track title is taken from KHInsider's soundtrack/gamerip album index. Popularity is an explicitly labelled proxy based on BeatHit game rank and track prominence.,"{""culture_category"":""video_game_music"",""video_game"":""Who's Lila?"",""game_rank"":1745,""game_association_kind"":""khinsider_game_soundtrack"",""khinsider_album_url"":""https://downloads.khinsider.com/game-soundtracks/album/whos-lila-ost-2022"",""khinsider_album_title"":""Who's Lila? OST (whos-lila-ost-2022)"",""khinsider_album_kind"":""official_or_gamerip"",""khinsider_album_match_score"":100.0,""relevance_score_100"":100.0,""popularity_score_100"":36.96857995233401,""score_100"":74.7874319809336,""popularity_basis"":""BeatHit master-list game rank plus track position proxy""}"
32,Soundscape #3,Unknown credited artist,[],Who's Lila? OST (whos-lila-ost-2022),,,"[""video game soundtrack""]","[""und""]",,,,Who's Lila?,,,khinsider_track_prominence_proxy,36.75857995233402,score_0_100,,,,74.7034319809336,,,,https://downloads.khinsider.com/game-soundtracks/album/whos-lila-ost-2022,2026-10-05,Track title is taken from KHInsider's soundtrack/gamerip album index. Popularity is an explicitly labelled proxy based on BeatHit game rank and track prominence.,"{""culture_category"":""video_game_music"",""video_game"":""Who's Lila?"",""game_rank"":1745,""game_association_kind"":""khinsider_game_soundtrack"",""khinsider_album_url"":""https://downloads.khinsider.com/game-soundtracks/album/whos-lila-ost-2022"",""khinsider_album_title"":""Who's Lila? OST (whos-lila-ost-2022)"",""khinsider_album_kind"":""official_or_gamerip"",""khinsider_album_match_score"":100.0,""relevance_score_100"":100.0,""popularity_score_100"":36.75857995233402,""score_100"":74.7034319809336,""popularity_basis"":""BeatHit master-list game rank plus track position proxy""}"
33,Soundscape #3 (Rain version),Unknown credited artist,[],Who's Lila? OST (whos-lila-ost-2022),,,"[""video game soundtrack""]","[""und""]",,,,Who's Lila?,,,khinsider_track_prominence_proxy,36.54857995233401,score_0_100,,,,74.6194319809336,,,,https://downloads.khinsider.com/game-soundtracks/album/whos-lila-ost-2022,2026-10-05,Track title is taken from KHInsider's soundtrack/gamerip album index. Popularity is an explicitly labelled proxy based on BeatHit game rank and track prominence.,"{""culture_category"":""video_game_music"",""video_game"":""Who's Lila?"",""game_rank"":1745,""game_association_kind"":""khinsider_game_soundtrack"",""khinsider_album_url"":""https://downloads.khinsider.com/game-soundtracks/album/whos-lila-ost-2022"",""khinsider_album_title"":""Who's Lila? OST (whos-lila-ost-2022)"",""khinsider_album_kind"":""official_or_gamerip"",""khinsider_album_match_score"":100.0,""relevance_score_100"":100.0,""popularity_score_100"":36.54857995233401,""score_100"":74.6194319809336,""popularity_basis"":""BeatHit master-list game rank plus track position proxy""}"
34,Steam Machine,Unknown credited artist,[],Who's Lila? OST (whos-lila-ost-2022),,,"[""video game soundtrack""]","[""und""]",,,,Who's Lila?,,,khinsider_track_prominence_proxy,36.338579952334015,score_0_100,,,,74.53543198093361,,,,https://downloads.khinsider.com/game-soundtracks/album/whos-lila-ost-2022,2026-10-05,Track title is taken from KHInsider's soundtrack/gamerip album index. Popularity is an explicitly labelled proxy based on BeatHit game rank and track prominence.,"{""culture_category"":""video_game_music"",""video_game"":""Who's Lila?"",""game_rank"":1745,""game_association_kind"":""khinsider_game_soundtrack"",""khinsider_album_url"":""https://downloads.khinsider.com/game-soundtracks/album/whos-lila-ost-2022"",""khinsider_album_title"":""Who's Lila? OST (whos-lila-ost-2022)"",""khinsider_album_kind"":""official_or_gamerip"",""khinsider_album_match_score"":100.0,""relevance_score_100"":100.0,""popularity_score_100"":36.338579952334015,""score_100"":74.53543198093361,""popularity_basis"":""BeatHit master-list game rank plus track position proxy""}"
35,Strupnev,Unknown credited artist,[],Who's Lila? OST (whos-lila-ost-2022),,,"[""video game soundtrack""]","[""und""]",,,,Who's Lila?,,,khinsider_track_prominence_proxy,36.128579952334015,score_0_100,,,,74.4514319809336,,,,https://downloads.khinsider.com/game-soundtracks/album/whos-lila-ost-2022,2026-10-05,Track title is taken from KHInsider's soundtrack/gamerip album index. Popularity is an explicitly labelled proxy based on BeatHit game rank and track prominence.,"{""culture_category"":""video_game_music"",""video_game"":""Who's Lila?"",""game_rank"":1745,""game_association_kind"":""khinsider_game_soundtrack"",""khinsider_album_url"":""https://downloads.khinsider.com/game-soundtracks/album/whos-lila-ost-2022"",""khinsider_album_title"":""Who's Lila? OST (whos-lila-ost-2022)"",""khinsider_album_kind"":""official_or_gamerip"",""khinsider_album_match_score"":100.0,""relevance_score_100"":100.0,""popularity_score_100"":36.128579952334015,""score_100"":74.4514319809336,""popularity_basis"":""BeatHit master-list game rank plus track position proxy""}"
36,Sunshine,Unknown credited artist,[],Who's Lila? OST (whos-lila-ost-2022),,,"[""video game soundtrack""]","[""und""]",,,,Who's Lila?,,,khinsider_track_prominence_proxy,35.918579952334014,score_0_100,,,,74.3674319809336,,,,https://downloads.khinsider.com/game-soundtracks/album/whos-lila-ost-2022,2026-10-05,Track title is taken from KHInsider's soundtrack/gamerip album index. Popularity is an explicitly labelled proxy based on BeatHit game rank and track prominence.,"{""culture_category"":""video_game_music"",""video_game"":""Who's Lila?"",""game_rank"":1745,""game_association_kind"":""khinsider_game_soundtrack"",""khinsider_album_url"":""https://downloads.khinsider.com/game-soundtracks/album/whos-lila-ost-2022"",""khinsider_album_title"":""Who's Lila? OST (whos-lila-ost-2022)"",""khinsider_album_kind"":""official_or_gamerip"",""khinsider_album_match_score"":100.0,""relevance_score_100"":100.0,""popularity_score_100"":35.918579952334014,""score_100"":74.3674319809336,""popularity_basis"":""BeatHit master-list game rank plus track position proxy""}"
37,Forest of 512 Sycamores,Unknown credited artist,[],Who's Lila? OST (whos-lila-ost-2022),,,"[""video game soundtrack""]","[""und""]",,,,Who's Lila?,,,khinsider_track_prominence_proxy,35.70857995233401,score_0_100,,,,74.28343198093361,,,,https://downloads.khinsider.com/game-soundtracks/album/whos-lila-ost-2022,2026-10-05,Track title is taken from KHInsider's soundtrack/gamerip album index. Popularity is an explicitly labelled proxy based on BeatHit game rank and track prominence.,"{""culture_category"":""video_game_music"",""video_game"":""Who's Lila?"",""game_rank"":1745,""game_association_kind"":""khinsider_game_soundtrack"",""khinsider_album_url"":""https://downloads.khinsider.com/game-soundtracks/album/whos-lila-ost-2022"",""khinsider_album_title"":""Who's Lila? OST (whos-lila-ost-2022)"",""khinsider_album_kind"":""official_or_gamerip"",""khinsider_album_match_score"":100.0,""relevance_score_100"":100.0,""popularity_score_100"":35.70857995233401,""score_100"":74.28343198093361,""popularity_basis"":""BeatHit master-list game rank plus track position proxy""}"
38,Tanya,Unknown credited artist,[],Who's Lila? OST (whos-lila-ost-2022),,,"[""video game soundtrack""]","[""und""]",,,,Who's Lila?,,,khinsider_track_prominence_proxy,35.49857995233401,score_0_100,,,,74.19943198093361,,,,https://downloads.khinsider.com/game-soundtracks/album/whos-lila-ost-2022,2026-10-05,Track title is taken from KHInsider's soundtrack/gamerip album index. Popularity is an explicitly labelled proxy based on BeatHit game rank and track prominence.,"{""culture_category"":""video_game_music"",""video_game"":""Who's Lila?"",""game_rank"":1745,""game_association_kind"":""khinsider_game_soundtrack"",""khinsider_album_url"":""https://downloads.khinsider.com/game-soundtracks/album/whos-lila-ost-2022"",""khinsider_album_title"":""Who's Lila? OST (whos-lila-ost-2022)"",""khinsider_album_kind"":""official_or_gamerip"",""khinsider_album_match_score"":100.0,""relevance_score_100"":100.0,""popularity_score_100"":35.49857995233401,""score_100"":74.19943198093361,""popularity_basis"":""BeatHit master-list game rank plus track position proxy""}"
39,Torso,Unknown credited artist,[],Who's Lila? OST (whos-lila-ost-2022),,,"[""video game soundtrack""]","[""und""]",,,,Who's Lila?,,,khinsider_track_prominence_proxy,35.28857995233402,score_0_100,,,,74.11543198093361,,,,https://downloads.khinsider.com/game-soundtracks/album/whos-lila-ost-2022,2026-10-05,Track title is taken from KHInsider's soundtrack/gamerip album index. Popularity is an explicitly labelled proxy based on BeatHit game rank and track prominence.,"{""culture_category"":""video_game_music"",""video_game"":""Who's Lila?"",""game_rank"":1745,""game_association_kind"":""khinsider_game_soundtrack"",""khinsider_album_url"":""https://downloads.khinsider.com/game-soundtracks/album/whos-lila-ost-2022"",""khinsider_album_title"":""Who's Lila? OST (whos-lila-ost-2022)"",""khinsider_album_kind"":""official_or_gamerip"",""khinsider_album_match_score"":100.0,""relevance_score_100"":100.0,""popularity_score_100"":35.28857995233402,""score_100"":74.11543198093361,""popularity_basis"":""BeatHit master-list game rank plus track position proxy""}"
40,Train Ambiance,Unknown credited artist,[],Who's Lila? OST (whos-lila-ost-2022),,,"[""video game soundtrack""]","[""und""]",,,,Who's Lila?,,,khinsider_track_prominence_proxy,35.07857995233401,score_0_100,,,,74.0314319809336,,,,https://downloads.khinsider.com/game-soundtracks/album/whos-lila-ost-2022,2026-10-05,Track title is taken from KHInsider's soundtrack/gamerip album index. Popularity is an explicitly labelled proxy based on BeatHit game rank and track prominence.,"{""culture_category"":""video_game_music"",""video_game"":""Who's Lila?"",""game_rank"":1745,""game_association_kind"":""khinsider_game_soundtrack"",""khinsider_album_url"":""https://downloads.khinsider.com/game-soundtracks/album/whos-lila-ost-2022"",""khinsider_album_title"":""Who's Lila? OST (whos-lila-ost-2022)"",""khinsider_album_kind"":""official_or_gamerip"",""khinsider_album_match_score"":100.0,""relevance_score_100"":100.0,""popularity_score_100"":35.07857995233401,""score_100"":74.0314319809336,""popularity_basis"":""BeatHit master-list game rank plus track position proxy""}"
41,Unweaving,Unknown credited artist,[],Who's Lila? OST (whos-lila-ost-2022),,,"[""video game soundtrack""]","[""und""]",,,,Who's Lila?,,,khinsider_track_prominence_proxy,34.86857995233402,score_0_100,,,,73.9474319809336,,,,https://downloads.khinsider.com/game-soundtracks/album/whos-lila-ost-2022,2026-10-05,Track title is taken from KHInsider's soundtrack/gamerip album index. Popularity is an explicitly labelled proxy based on BeatHit game rank and track prominence.,"{""culture_category"":""video_game_music"",""video_game"":""Who's Lila?"",""game_rank"":1745,""game_association_kind"":""khinsider_game_soundtrack"",""khinsider_album_url"":""https://downloads.khinsider.com/game-soundtracks/album/whos-lila-ost-2022"",""khinsider_album_title"":""Who's Lila? OST (whos-lila-ost-2022)"",""khinsider_album_kind"":""official_or_gamerip"",""khinsider_album_match_score"":100.0,""relevance_score_100"":100.0,""popularity_score_100"":34.86857995233402,""score_100"":73.9474319809336,""popularity_basis"":""BeatHit master-list game rank plus track position proxy""}"
42,Slowly Dancing,Unknown credited artist,[],Who's Lila? OST (whos-lila-ost-2022),,,"[""video game soundtrack""]","[""und""]",,,,Who's Lila?,,,khinsider_track_prominence_proxy,34.65857995233401,score_0_100,,,,73.8634319809336,,,,https://downloads.khinsider.com/game-soundtracks/album/whos-lila-ost-2022,2026-10-05,Track title is taken from KHInsider's soundtrack/gamerip album index. Popularity is an explicitly labelled proxy based on BeatHit game rank and track prominence.,"{""culture_category"":""video_game_music"",""video_game"":""Who's Lila?"",""game_rank"":1745,""game_association_kind"":""khinsider_game_soundtrack"",""khinsider_album_url"":""https://downloads.khinsider.com/game-soundtracks/album/whos-lila-ost-2022"",""khinsider_album_title"":""Who's Lila? OST (whos-lila-ost-2022)"",""khinsider_album_kind"":""official_or_gamerip"",""khinsider_album_match_score"":100.0,""relevance_score_100"":100.0,""popularity_score_100"":34.65857995233401,""score_100"":73.8634319809336,""popularity_basis"":""BeatHit master-list game rank plus track position proxy""}"
43,Warped Forest,Unknown credited artist,[],Who's Lila? OST (whos-lila-ost-2022),,,"[""video game soundtrack""]","[""und""]",,,,Who's Lila?,,,khinsider_track_prominence_proxy,34.448579952334015,score_0_100,,,,73.77943198093361,,,,https://downloads.khinsider.com/game-soundtracks/album/whos-lila-ost-2022,2026-10-05,Track title is taken from KHInsider's soundtrack/gamerip album index. Popularity is an explicitly labelled proxy based on BeatHit game rank and track prominence.,"{""culture_category"":""video_game_music"",""video_game"":""Who's Lila?"",""game_rank"":1745,""game_association_kind"":""khinsider_game_soundtrack"",""khinsider_album_url"":""https://downloads.khinsider.com/game-soundtracks/album/whos-lila-ost-2022"",""khinsider_album_title"":""Who's Lila? OST (whos-lila-ost-2022)"",""khinsider_album_kind"":""official_or_gamerip"",""khinsider_album_match_score"":100.0,""relevance_score_100"":100.0,""popularity_score_100"":34.448579952334015,""score_100"":73.77943198093361,""popularity_basis"":""BeatHit master-list game rank plus track position proxy""}"
44,We Are Your Neighbours,Unknown credited artist,[],Who's Lila? OST (whos-lila-ost-2022),,,"[""video game soundtrack""]","[""und""]",,,,Who's Lila?,,,khinsider_track_prominence_proxy,34.23857995233402,score_0_100,,,,73.6954319809336,,,,https://downloads.khinsider.com/game-soundtracks/album/whos-lila-ost-2022,2026-10-05,Track title is taken from KHInsider's soundtrack/gamerip album index. Popularity is an explicitly labelled proxy based on BeatHit game rank and track prominence.,"{""culture_category"":""video_game_music"",""video_game"":""Who's Lila?"",""game_rank"":1745,""game_association_kind"":""khinsider_game_soundtrack"",""khinsider_album_url"":""https://downloads.khinsider.com/game-soundtracks/album/whos-lila-ost-2022"",""khinsider_album_title"":""Who's Lila? OST (whos-lila-ost-2022)"",""khinsider_album_kind"":""official_or_gamerip"",""khinsider_album_match_score"":100.0,""relevance_score_100"":100.0,""popularity_score_100"":34.23857995233402,""score_100"":73.6954319809336,""popularity_basis"":""BeatHit master-list game rank plus track position proxy""}"
45,Wheeliam (The Martyr),Unknown credited artist,[],Who's Lila? OST (whos-lila-ost-2022),,,"[""video game soundtrack""]","[""und""]",,,,Who's Lila?,,,khinsider_track_prominence_proxy,34.02857995233401,score_0_100,,,,73.6114319809336,,,,https://downloads.khinsider.com/game-soundtracks/album/whos-lila-ost-2022,2026-10-05,Track title is taken from KHInsider's soundtrack/gamerip album index. Popularity is an explicitly labelled proxy based on BeatHit game rank and track prominence.,"{""culture_category"":""video_game_music"",""video_game"":""Who's Lila?"",""game_rank"":1745,""game_association_kind"":""khinsider_game_soundtrack"",""khinsider_album_url"":""https://downloads.khinsider.com/game-soundtracks/album/whos-lila-ost-2022"",""khinsider_album_title"":""Who's Lila? OST (whos-lila-ost-2022)"",""khinsider_album_kind"":""official_or_gamerip"",""khinsider_album_match_score"":100.0,""relevance_score_100"":100.0,""popularity_score_100"":34.02857995233401,""score_100"":73.6114319809336,""popularity_basis"":""BeatHit master-list game rank plus track position proxy""}"
46,You Are Nothing,Unknown credited artist,[],Who's Lila? OST (whos-lila-ost-2022),,,"[""video game soundtrack""]","[""und""]",,,,Who's Lila?,,,khinsider_track_prominence_proxy,33.81857995233402,score_0_100,,,,73.52743198093361,,,,https://downloads.khinsider.com/game-soundtracks/album/whos-lila-ost-2022,2026-10-05,Track title is taken from KHInsider's soundtrack/gamerip album index. Popularity is an explicitly labelled proxy based on BeatHit game rank and track prominence.,"{""culture_category"":""video_game_music"",""video_game"":""Who's Lila?"",""game_rank"":1745,""game_association_kind"":""khinsider_game_soundtrack"",""khinsider_album_url"":""https://downloads.khinsider.com/game-soundtracks/album/whos-lila-ost-2022"",""khinsider_album_title"":""Who's Lila? OST (whos-lila-ost-2022)"",""khinsider_album_kind"":""official_or_gamerip"",""khinsider_album_match_score"":100.0,""relevance_score_100"":100.0,""popularity_score_100"":33.81857995233402,""score_100"":73.52743198093361,""popularity_basis"":""BeatHit master-list game rank plus track position proxy""}"
47,Yu Ambience,Unknown credited artist,[],Who's Lila? OST (whos-lila-ost-2022),,,"[""video game soundtrack""]","[""und""]",,,,Who's Lila?,,,khinsider_track_prominence_proxy,33.60857995233402,score_0_100,,,,73.44343198093361,,,,https://downloads.khinsider.com/game-soundtracks/album/whos-lila-ost-2022,2026-10-05,Track title is taken from KHInsider's soundtrack/gamerip album index. Popularity is an explicitly labelled proxy based on BeatHit game rank and track prominence.,"{""culture_category"":""video_game_music"",""video_game"":""Who's Lila?"",""game_rank"":1745,""game_association_kind"":""khinsider_game_soundtrack"",""khinsider_album_url"":""https://downloads.khinsider.com/game-soundtracks/album/whos-lila-ost-2022"",""khinsider_album_title"":""Who's Lila? OST (whos-lila-ost-2022)"",""khinsider_album_kind"":""official_or_gamerip"",""khinsider_album_match_score"":100.0,""relevance_score_100"":100.0,""popularity_score_100"":33.60857995233402,""score_100"":73.44343198093361,""popularity_basis"":""BeatHit master-list game rank plus track position proxy""}"
48,Police Lamp,Unknown credited artist,[],Who's Lila? OST (whos-lila-ost-2022),,,"[""video game soundtrack""]","[""und""]",,,,Who's Lila?,,,khinsider_track_prominence_proxy,33.39857995233402,score_0_100,,,,73.3594319809336,,,,https://downloads.khinsider.com/game-soundtracks/album/whos-lila-ost-2022,2026-10-05,Track title is taken from KHInsider's soundtrack/gamerip album index. Popularity is an explicitly labelled proxy based on BeatHit game rank and track prominence.,"{""culture_category"":""video_game_music"",""video_game"":""Who's Lila?"",""game_rank"":1745,""game_association_kind"":""khinsider_game_soundtrack"",""khinsider_album_url"":""https://downloads.khinsider.com/game-soundtracks/album/whos-lila-ost-2022"",""khinsider_album_title"":""Who's Lila? OST (whos-lila-ost-2022)"",""khinsider_album_kind"":""official_or_gamerip"",""khinsider_album_match_score"":100.0,""relevance_score_100"":100.0,""popularity_score_100"":33.39857995233402,""score_100"":73.3594319809336,""popularity_basis"":""BeatHit master-list game rank plus track position proxy""}"
49,Depot Entrance,Unknown credited artist,[],Who's Lila? OST (whos-lila-ost-2022),,,"[""video game soundtrack""]","[""und""]",,,,Who's Lila?,,,khinsider_track_prominence_proxy,33.18857995233402,score_0_100,,,,73.2754319809336,,,,https://downloads.khinsider.com/game-soundtracks/album/whos-lila-ost-2022,2026-10-05,Track title is taken from KHInsider's soundtrack/gamerip album index. Popularity is an explicitly labelled proxy based on BeatHit game rank and track prominence.,"{""culture_category"":""video_game_music"",""video_game"":""Who's Lila?"",""game_rank"":1745,""game_association_kind"":""khinsider_game_soundtrack"",""khinsider_album_url"":""https://downloads.khinsider.com/game-soundtracks/album/whos-lila-ost-2022"",""khinsider_album_title"":""Who's Lila? OST (whos-lila-ost-2022)"",""khinsider_album_kind"":""official_or_gamerip"",""khinsider_album_match_score"":100.0,""relevance_score_100"":100.0,""popularity_score_100"":33.18857995233402,""score_100"":73.2754319809336,""popularity_basis"":""BeatHit master-list game rank plus track position proxy""}"
50,Heard,Unknown credited artist,[],Who's Lila? OST (whos-lila-ost-2022),,,"[""video game soundtrack""]","[""und""]",,,,Who's Lila?,,,khinsider_track_prominence_proxy,32.978579952334016,score_0_100,,,,73.1914319809336,,,,https://downloads.khinsider.com/game-soundtracks/album/whos-lila-ost-2022,2026-10-05,Track title is taken from KHInsider's soundtrack/gamerip album index. Popularity is an explicitly labelled proxy based on BeatHit game rank and track prominence.,"{""culture_category"":""video_game_music"",""video_game"":""Who's Lila?"",""game_rank"":1745,""game_association_kind"":""khinsider_game_soundtrack"",""khinsider_album_url"":""https://downloads.khinsider.com/game-soundtracks/album/whos-lila-ost-2022"",""khinsider_album_title"":""Who's Lila? OST (whos-lila-ost-2022)"",""khinsider_album_kind"":""official_or_gamerip"",""khinsider_album_match_score"":100.0,""relevance_score_100"":100.0,""popularity_score_100"":32.978579952334016,""score_100"":73.1914319809336,""popularity_basis"":""BeatHit master-list game rank plus track position proxy""}"
51,Chase,Unknown credited artist,[],Who's Lila? OST (whos-lila-ost-2022),,,"[""video game soundtrack""]","[""und""]",,,,Who's Lila?,,,khinsider_track_prominence_proxy,32.768579952334015,score_0_100,,,,73.10743198093361,,,,https://downloads.khinsider.com/game-soundtracks/album/whos-lila-ost-2022,2026-10-05,Track title is taken from KHInsider's soundtrack/gamerip album index. Popularity is an explicitly labelled proxy based on BeatHit game rank and track prominence.,"{""culture_category"":""video_game_music"",""video_game"":""Who's Lila?"",""game_rank"":1745,""game_association_kind"":""khinsider_game_soundtrack"",""khinsider_album_url"":""https://downloads.khinsider.com/game-soundtracks/album/whos-lila-ost-2022"",""khinsider_album_title"":""Who's Lila? OST (whos-lila-ost-2022)"",""khinsider_album_kind"":""official_or_gamerip"",""khinsider_album_match_score"":100.0,""relevance_score_100"":100.0,""popularity_score_100"":32.768579952334015,""score_100"":73.10743198093361,""popularity_basis"":""BeatHit master-list game rank plus track position proxy""}"
52,Calm,Unknown credited artist,[],Who's Lila? OST (whos-lila-ost-2022),,,"[""video game soundtrack""]","[""und""]",,,,Who's Lila?,,,khinsider_track_prominence_proxy,32.558579952334014,score_0_100,,,,73.02343198093361,,,,https://downloads.khinsider.com/game-soundtracks/album/whos-lila-ost-2022,2026-10-05,Track title is taken from KHInsider's soundtrack/gamerip album index. Popularity is an explicitly labelled proxy based on BeatHit game rank and track prominence.,"{""culture_category"":""video_game_music"",""video_game"":""Who's Lila?"",""game_rank"":1745,""game_association_kind"":""khinsider_game_soundtrack"",""khinsider_album_url"":""https://downloads.khinsider.com/game-soundtracks/album/whos-lila-ost-2022"",""khinsider_album_title"":""Who's Lila? OST (whos-lila-ost-2022)"",""khinsider_album_kind"":""official_or_gamerip"",""khinsider_album_match_score"":100.0,""relevance_score_100"":100.0,""popularity_score_100"":32.558579952334014,""score_100"":73.02343198093361,""popularity_basis"":""BeatHit master-list game rank plus track position proxy""}"
53,Boiler Entrance,Unknown credited artist,[],Who's Lila? OST (whos-lila-ost-2022),,,"[""video game soundtrack""]","[""und""]",,,,Who's Lila?,,,khinsider_track_prominence_proxy,32.34857995233401,score_0_100,,,,72.9394319809336,,,,https://downloads.khinsider.com/game-soundtracks/album/whos-lila-ost-2022,2026-10-05,Track title is taken from KHInsider's soundtrack/gamerip album index. Popularity is an explicitly labelled proxy based on BeatHit game rank and track prominence.,"{""culture_category"":""video_game_music"",""video_game"":""Who's Lila?"",""game_rank"":1745,""game_association_kind"":""khinsider_game_soundtrack"",""khinsider_album_url"":""https://downloads.khinsider.com/game-soundtracks/album/whos-lila-ost-2022"",""khinsider_album_title"":""Who's Lila? OST (whos-lila-ost-2022)"",""khinsider_album_kind"":""official_or_gamerip"",""khinsider_album_match_score"":100.0,""relevance_score_100"":100.0,""popularity_score_100"":32.34857995233401,""score_100"":72.9394319809336,""popularity_basis"":""BeatHit master-list game rank plus track position proxy""}"
54,Steam Ambient,Unknown credited artist,[],Who's Lila? OST (whos-lila-ost-2022),,,"[""video game soundtrack""]","[""und""]",,,,Who's Lila?,,,khinsider_track_prominence_proxy,32.13857995233401,score_0_100,,,,72.8554319809336,,,,https://downloads.khinsider.com/game-soundtracks/album/whos-lila-ost-2022,2026-10-05,Track title is taken from KHInsider's soundtrack/gamerip album index. Popularity is an explicitly labelled proxy based on BeatHit game rank and track prominence.,"{""culture_category"":""video_game_music"",""video_game"":""Who's Lila?"",""game_rank"":1745,""game_association_kind"":""khinsider_game_soundtrack"",""khinsider_album_url"":""https://downloads.khinsider.com/game-soundtracks/album/whos-lila-ost-2022"",""khinsider_album_title"":""Who's Lila? OST (whos-lila-ost-2022)"",""khinsider_album_kind"":""official_or_gamerip"",""khinsider_album_match_score"":100.0,""relevance_score_100"":100.0,""popularity_score_100"":32.13857995233401,""score_100"":72.8554319809336,""popularity_basis"":""BeatHit master-list game rank plus track position proxy""}"
55,Steam Melody,Unknown credited artist,[],Who's Lila? OST (whos-lila-ost-2022),,,"[""video game soundtrack""]","[""und""]",,,,Who's Lila?,,,khinsider_track_prominence_proxy,31.928579952334015,score_0_100,,,,72.77143198093361,,,,https://downloads.khinsider.com/game-soundtracks/album/whos-lila-ost-2022,2026-10-05,Track title is taken from KHInsider's soundtrack/gamerip album index. Popularity is an explicitly labelled proxy based on BeatHit game rank and track prominence.,"{""culture_category"":""video_game_music"",""video_game"":""Who's Lila?"",""game_rank"":1745,""game_association_kind"":""khinsider_game_soundtrack"",""khinsider_album_url"":""https://downloads.khinsider.com/game-soundtracks/album/whos-lila-ost-2022"",""khinsider_album_title"":""Who's Lila? OST (whos-lila-ost-2022)"",""khinsider_album_kind"":""official_or_gamerip"",""khinsider_album_match_score"":100.0,""relevance_score_100"":100.0,""popularity_score_100"":31.928579952334015,""score_100"":72.77143198093361,""popularity_basis"":""BeatHit master-list game rank plus track position proxy""}"
56,Extra - Finding,Unknown credited artist,[],Who's Lila? OST (whos-lila-ost-2022),,,"[""video game soundtrack""]","[""und""]",,,,Who's Lila?,,,khinsider_track_prominence_proxy,31.718579952334014,score_0_100,,,,72.68743198093361,,,,https://downloads.khinsider.com/game-soundtracks/album/whos-lila-ost-2022,2026-10-05,Track title is taken from KHInsider's soundtrack/gamerip album index. Popularity is an explicitly labelled proxy based on BeatHit game rank and track prominence.,"{""culture_category"":""video_game_music"",""video_game"":""Who's Lila?"",""game_rank"":1745,""game_association_kind"":""khinsider_game_soundtrack"",""khinsider_album_url"":""https://downloads.khinsider.com/game-soundtracks/album/whos-lila-ost-2022"",""khinsider_album_title"":""Who's Lila? OST (whos-lila-ost-2022)"",""khinsider_album_kind"":""official_or_gamerip"",""khinsider_album_match_score"":100.0,""relevance_score_100"":100.0,""popularity_score_100"":31.718579952334014,""score_100"":72.68743198093361,""popularity_basis"":""BeatHit master-list game rank plus track position proxy""}"
57,Forest of 512 Sycamores Extended,Unknown credited artist,[],Who's Lila? OST (whos-lila-ost-2022),,,"[""video game soundtrack""]","[""und""]",,,,Who's Lila?,,,khinsider_track_prominence_proxy,31.508579952334017,score_0_100,,,,72.6034319809336,,,,https://downloads.khinsider.com/game-soundtracks/album/whos-lila-ost-2022,2026-10-05,Track title is taken from KHInsider's soundtrack/gamerip album index. Popularity is an explicitly labelled proxy based on BeatHit game rank and track prominence.,"{""culture_category"":""video_game_music"",""video_game"":""Who's Lila?"",""game_rank"":1745,""game_association_kind"":""khinsider_game_soundtrack"",""khinsider_album_url"":""https://downloads.khinsider.com/game-soundtracks/album/whos-lila-ost-2022"",""khinsider_album_title"":""Who's Lila? OST (whos-lila-ost-2022)"",""khinsider_album_kind"":""official_or_gamerip"",""khinsider_album_match_score"":100.0,""relevance_score_100"":100.0,""popularity_score_100"":31.508579952334017,""score_100"":72.6034319809336,""popularity_basis"":""BeatHit master-list game rank plus track position proxy""}"
