rank,title,main_artist,featured_artists,album,release_date,release_year,genres,languages,composer,anime_title,anime_popularity,screen_work,vtuber,is_original,metric_name,metric_value,metric_unit,listen_count,listen_source,view_count,overall_popularity_score,spotify_track_id,musicbrainz_recording_mbid,isrc,source_url,retrieved_at,source_notes,extra
1,Ultimate Spider-Man Theme,Unknown credited artist,[],Ultimate Spider-Man Original Game Soundtrack (ultimate-spider-man-original-game-soundtrack),,,"[""video game soundtrack""]","[""und""]",,,,Ultimate Spider-Man,,,khinsider_track_prominence_proxy,40.70822897251596,score_0_100,,,,76.28329158900638,,,,https://downloads.khinsider.com/game-soundtracks/album/ultimate-spider-man-original-game-soundtrack,2026-10-05,Track title is taken from KHInsider's soundtrack/gamerip album index. Popularity is an explicitly labelled proxy based on BeatHit game rank and track prominence.,"{""culture_category"":""video_game_music"",""video_game"":""Ultimate Spider-Man"",""game_rank"":2444,""game_association_kind"":""khinsider_game_soundtrack"",""khinsider_album_url"":""https://downloads.khinsider.com/game-soundtracks/album/ultimate-spider-man-original-game-soundtrack"",""khinsider_album_title"":""Ultimate Spider-Man Original Game Soundtrack (ultimate-spider-man-original-game-soundtrack)"",""khinsider_album_kind"":""official_or_gamerip"",""khinsider_album_match_score"":100.0,""relevance_score_100"":100.0,""popularity_score_100"":40.70822897251596,""score_100"":76.28329158900638,""popularity_basis"":""BeatHit master-list game rank plus track position proxy""}"
2,Main Menu,Unknown credited artist,[],Ultimate Spider-Man: Total Mayhem (utimate-spider-man-total-mayhem-gamerip-2011-ios-android),,,"[""video game soundtrack""]","[""und""]",,,,Ultimate Spider-Man,,,khinsider_track_prominence_proxy,40.70822897251596,score_0_100,,,,76.28329158900638,,,,https://downloads.khinsider.com/game-soundtracks/album/utimate-spider-man-total-mayhem-gamerip-2011-ios-android,2026-10-05,Track title is taken from KHInsider's soundtrack/gamerip album index. Popularity is an explicitly labelled proxy based on BeatHit game rank and track prominence.,"{""culture_category"":""video_game_music"",""video_game"":""Ultimate Spider-Man"",""game_rank"":2444,""game_association_kind"":""khinsider_game_soundtrack"",""khinsider_album_url"":""https://downloads.khinsider.com/game-soundtracks/album/utimate-spider-man-total-mayhem-gamerip-2011-ios-android"",""khinsider_album_title"":""Ultimate Spider-Man: Total Mayhem (utimate-spider-man-total-mayhem-gamerip-2011-ios-android)"",""khinsider_album_kind"":""official_or_gamerip"",""khinsider_album_match_score"":100.0,""relevance_score_100"":100.0,""popularity_score_100"":40.70822897251596,""score_100"":76.28329158900638,""popularity_basis"":""BeatHit master-list game rank plus track position proxy""}"
3,Menu Theme,Unknown credited artist,[],Ultimate Spider-Man Original Game Soundtrack (ultimate-spider-man-original-game-soundtrack),,,"[""video game soundtrack""]","[""und""]",,,,Ultimate Spider-Man,,,khinsider_track_prominence_proxy,40.49822897251596,score_0_100,,,,76.19929158900638,,,,https://downloads.khinsider.com/game-soundtracks/album/ultimate-spider-man-original-game-soundtrack,2026-10-05,Track title is taken from KHInsider's soundtrack/gamerip album index. Popularity is an explicitly labelled proxy based on BeatHit game rank and track prominence.,"{""culture_category"":""video_game_music"",""video_game"":""Ultimate Spider-Man"",""game_rank"":2444,""game_association_kind"":""khinsider_game_soundtrack"",""khinsider_album_url"":""https://downloads.khinsider.com/game-soundtracks/album/ultimate-spider-man-original-game-soundtrack"",""khinsider_album_title"":""Ultimate Spider-Man Original Game Soundtrack (ultimate-spider-man-original-game-soundtrack)"",""khinsider_album_kind"":""official_or_gamerip"",""khinsider_album_match_score"":100.0,""relevance_score_100"":100.0,""popularity_score_100"":40.49822897251596,""score_100"":76.19929158900638,""popularity_basis"":""BeatHit master-list game rank plus track position proxy""}"
4,Downtown Calm,Unknown credited artist,[],Ultimate Spider-Man: Total Mayhem (utimate-spider-man-total-mayhem-gamerip-2011-ios-android),,,"[""video game soundtrack""]","[""und""]",,,,Ultimate Spider-Man,,,khinsider_track_prominence_proxy,40.49822897251596,score_0_100,,,,76.19929158900638,,,,https://downloads.khinsider.com/game-soundtracks/album/utimate-spider-man-total-mayhem-gamerip-2011-ios-android,2026-10-05,Track title is taken from KHInsider's soundtrack/gamerip album index. Popularity is an explicitly labelled proxy based on BeatHit game rank and track prominence.,"{""culture_category"":""video_game_music"",""video_game"":""Ultimate Spider-Man"",""game_rank"":2444,""game_association_kind"":""khinsider_game_soundtrack"",""khinsider_album_url"":""https://downloads.khinsider.com/game-soundtracks/album/utimate-spider-man-total-mayhem-gamerip-2011-ios-android"",""khinsider_album_title"":""Ultimate Spider-Man: Total Mayhem (utimate-spider-man-total-mayhem-gamerip-2011-ios-android)"",""khinsider_album_kind"":""official_or_gamerip"",""khinsider_album_match_score"":100.0,""relevance_score_100"":100.0,""popularity_score_100"":40.49822897251596,""score_100"":76.19929158900638,""popularity_basis"":""BeatHit master-list game rank plus track position proxy""}"
5,Father's Pride,Unknown credited artist,[],Ultimate Spider-Man Original Game Soundtrack (ultimate-spider-man-original-game-soundtrack),,,"[""video game soundtrack""]","[""und""]",,,,Ultimate Spider-Man,,,khinsider_track_prominence_proxy,40.28822897251596,score_0_100,,,,76.11529158900639,,,,https://downloads.khinsider.com/game-soundtracks/album/ultimate-spider-man-original-game-soundtrack,2026-10-05,Track title is taken from KHInsider's soundtrack/gamerip album index. Popularity is an explicitly labelled proxy based on BeatHit game rank and track prominence.,"{""culture_category"":""video_game_music"",""video_game"":""Ultimate Spider-Man"",""game_rank"":2444,""game_association_kind"":""khinsider_game_soundtrack"",""khinsider_album_url"":""https://downloads.khinsider.com/game-soundtracks/album/ultimate-spider-man-original-game-soundtrack"",""khinsider_album_title"":""Ultimate Spider-Man Original Game Soundtrack (ultimate-spider-man-original-game-soundtrack)"",""khinsider_album_kind"":""official_or_gamerip"",""khinsider_album_match_score"":100.0,""relevance_score_100"":100.0,""popularity_score_100"":40.28822897251596,""score_100"":76.11529158900639,""popularity_basis"":""BeatHit master-list game rank plus track position proxy""}"
6,Downtown Action,Unknown credited artist,[],Ultimate Spider-Man: Total Mayhem (utimate-spider-man-total-mayhem-gamerip-2011-ios-android),,,"[""video game soundtrack""]","[""und""]",,,,Ultimate Spider-Man,,,khinsider_track_prominence_proxy,40.28822897251596,score_0_100,,,,76.11529158900639,,,,https://downloads.khinsider.com/game-soundtracks/album/utimate-spider-man-total-mayhem-gamerip-2011-ios-android,2026-10-05,Track title is taken from KHInsider's soundtrack/gamerip album index. Popularity is an explicitly labelled proxy based on BeatHit game rank and track prominence.,"{""culture_category"":""video_game_music"",""video_game"":""Ultimate Spider-Man"",""game_rank"":2444,""game_association_kind"":""khinsider_game_soundtrack"",""khinsider_album_url"":""https://downloads.khinsider.com/game-soundtracks/album/utimate-spider-man-total-mayhem-gamerip-2011-ios-android"",""khinsider_album_title"":""Ultimate Spider-Man: Total Mayhem (utimate-spider-man-total-mayhem-gamerip-2011-ios-android)"",""khinsider_album_kind"":""official_or_gamerip"",""khinsider_album_match_score"":100.0,""relevance_score_100"":100.0,""popularity_score_100"":40.28822897251596,""score_100"":76.11529158900639,""popularity_basis"":""BeatHit master-list game rank plus track position proxy""}"
7,Spidey Training,Unknown credited artist,[],Ultimate Spider-Man Original Game Soundtrack (ultimate-spider-man-original-game-soundtrack),,,"[""video game soundtrack""]","[""und""]",,,,Ultimate Spider-Man,,,khinsider_track_prominence_proxy,40.07822897251596,score_0_100,,,,76.03129158900639,,,,https://downloads.khinsider.com/game-soundtracks/album/ultimate-spider-man-original-game-soundtrack,2026-10-05,Track title is taken from KHInsider's soundtrack/gamerip album index. Popularity is an explicitly labelled proxy based on BeatHit game rank and track prominence.,"{""culture_category"":""video_game_music"",""video_game"":""Ultimate Spider-Man"",""game_rank"":2444,""game_association_kind"":""khinsider_game_soundtrack"",""khinsider_album_url"":""https://downloads.khinsider.com/game-soundtracks/album/ultimate-spider-man-original-game-soundtrack"",""khinsider_album_title"":""Ultimate Spider-Man Original Game Soundtrack (ultimate-spider-man-original-game-soundtrack)"",""khinsider_album_kind"":""official_or_gamerip"",""khinsider_album_match_score"":100.0,""relevance_score_100"":100.0,""popularity_score_100"":40.07822897251596,""score_100"":76.03129158900639,""popularity_basis"":""BeatHit master-list game rank plus track position proxy""}"
8,Downtown Mixed,Unknown credited artist,[],Ultimate Spider-Man: Total Mayhem (utimate-spider-man-total-mayhem-gamerip-2011-ios-android),,,"[""video game soundtrack""]","[""und""]",,,,Ultimate Spider-Man,,,khinsider_track_prominence_proxy,40.07822897251596,score_0_100,,,,76.03129158900639,,,,https://downloads.khinsider.com/game-soundtracks/album/utimate-spider-man-total-mayhem-gamerip-2011-ios-android,2026-10-05,Track title is taken from KHInsider's soundtrack/gamerip album index. Popularity is an explicitly labelled proxy based on BeatHit game rank and track prominence.,"{""culture_category"":""video_game_music"",""video_game"":""Ultimate Spider-Man"",""game_rank"":2444,""game_association_kind"":""khinsider_game_soundtrack"",""khinsider_album_url"":""https://downloads.khinsider.com/game-soundtracks/album/utimate-spider-man-total-mayhem-gamerip-2011-ios-android"",""khinsider_album_title"":""Ultimate Spider-Man: Total Mayhem (utimate-spider-man-total-mayhem-gamerip-2011-ios-android)"",""khinsider_album_kind"":""official_or_gamerip"",""khinsider_album_match_score"":100.0,""relevance_score_100"":100.0,""popularity_score_100"":40.07822897251596,""score_100"":76.03129158900639,""popularity_basis"":""BeatHit master-list game rank plus track position proxy""}"
9,Venom Feeding Time,Unknown credited artist,[],Ultimate Spider-Man Original Game Soundtrack (ultimate-spider-man-original-game-soundtrack),,,"[""video game soundtrack""]","[""und""]",,,,Ultimate Spider-Man,,,khinsider_track_prominence_proxy,39.868228972515965,score_0_100,,,,75.94729158900638,,,,https://downloads.khinsider.com/game-soundtracks/album/ultimate-spider-man-original-game-soundtrack,2026-10-05,Track title is taken from KHInsider's soundtrack/gamerip album index. Popularity is an explicitly labelled proxy based on BeatHit game rank and track prominence.,"{""culture_category"":""video_game_music"",""video_game"":""Ultimate Spider-Man"",""game_rank"":2444,""game_association_kind"":""khinsider_game_soundtrack"",""khinsider_album_url"":""https://downloads.khinsider.com/game-soundtracks/album/ultimate-spider-man-original-game-soundtrack"",""khinsider_album_title"":""Ultimate Spider-Man Original Game Soundtrack (ultimate-spider-man-original-game-soundtrack)"",""khinsider_album_kind"":""official_or_gamerip"",""khinsider_album_match_score"":100.0,""relevance_score_100"":100.0,""popularity_score_100"":39.868228972515965,""score_100"":75.94729158900638,""popularity_basis"":""BeatHit master-list game rank plus track position proxy""}"
10,Boss Sandman,Unknown credited artist,[],Ultimate Spider-Man: Total Mayhem (utimate-spider-man-total-mayhem-gamerip-2011-ios-android),,,"[""video game soundtrack""]","[""und""]",,,,Ultimate Spider-Man,,,khinsider_track_prominence_proxy,39.868228972515965,score_0_100,,,,75.94729158900638,,,,https://downloads.khinsider.com/game-soundtracks/album/utimate-spider-man-total-mayhem-gamerip-2011-ios-android,2026-10-05,Track title is taken from KHInsider's soundtrack/gamerip album index. Popularity is an explicitly labelled proxy based on BeatHit game rank and track prominence.,"{""culture_category"":""video_game_music"",""video_game"":""Ultimate Spider-Man"",""game_rank"":2444,""game_association_kind"":""khinsider_game_soundtrack"",""khinsider_album_url"":""https://downloads.khinsider.com/game-soundtracks/album/utimate-spider-man-total-mayhem-gamerip-2011-ios-android"",""khinsider_album_title"":""Ultimate Spider-Man: Total Mayhem (utimate-spider-man-total-mayhem-gamerip-2011-ios-android)"",""khinsider_album_kind"":""official_or_gamerip"",""khinsider_album_match_score"":100.0,""relevance_score_100"":100.0,""popularity_score_100"":39.868228972515965,""score_100"":75.94729158900638,""popularity_basis"":""BeatHit master-list game rank plus track position proxy""}"
11,Venom Fight Theme,Unknown credited artist,[],Ultimate Spider-Man Original Game Soundtrack (ultimate-spider-man-original-game-soundtrack),,,"[""video game soundtrack""]","[""und""]",,,,Ultimate Spider-Man,,,khinsider_track_prominence_proxy,39.65822897251596,score_0_100,,,,75.86329158900638,,,,https://downloads.khinsider.com/game-soundtracks/album/ultimate-spider-man-original-game-soundtrack,2026-10-05,Track title is taken from KHInsider's soundtrack/gamerip album index. Popularity is an explicitly labelled proxy based on BeatHit game rank and track prominence.,"{""culture_category"":""video_game_music"",""video_game"":""Ultimate Spider-Man"",""game_rank"":2444,""game_association_kind"":""khinsider_game_soundtrack"",""khinsider_album_url"":""https://downloads.khinsider.com/game-soundtracks/album/ultimate-spider-man-original-game-soundtrack"",""khinsider_album_title"":""Ultimate Spider-Man Original Game Soundtrack (ultimate-spider-man-original-game-soundtrack)"",""khinsider_album_kind"":""official_or_gamerip"",""khinsider_album_match_score"":100.0,""relevance_score_100"":100.0,""popularity_score_100"":39.65822897251596,""score_100"":75.86329158900638,""popularity_basis"":""BeatHit master-list game rank plus track position proxy""}"
12,Boss Rhino,Unknown credited artist,[],Ultimate Spider-Man: Total Mayhem (utimate-spider-man-total-mayhem-gamerip-2011-ios-android),,,"[""video game soundtrack""]","[""und""]",,,,Ultimate Spider-Man,,,khinsider_track_prominence_proxy,39.65822897251596,score_0_100,,,,75.86329158900638,,,,https://downloads.khinsider.com/game-soundtracks/album/utimate-spider-man-total-mayhem-gamerip-2011-ios-android,2026-10-05,Track title is taken from KHInsider's soundtrack/gamerip album index. Popularity is an explicitly labelled proxy based on BeatHit game rank and track prominence.,"{""culture_category"":""video_game_music"",""video_game"":""Ultimate Spider-Man"",""game_rank"":2444,""game_association_kind"":""khinsider_game_soundtrack"",""khinsider_album_url"":""https://downloads.khinsider.com/game-soundtracks/album/utimate-spider-man-total-mayhem-gamerip-2011-ios-android"",""khinsider_album_title"":""Ultimate Spider-Man: Total Mayhem (utimate-spider-man-total-mayhem-gamerip-2011-ios-android)"",""khinsider_album_kind"":""official_or_gamerip"",""khinsider_album_match_score"":100.0,""relevance_score_100"":100.0,""popularity_score_100"":39.65822897251596,""score_100"":75.86329158900638,""popularity_basis"":""BeatHit master-list game rank plus track position proxy""}"
13,Spidey Rhino Race,Unknown credited artist,[],Ultimate Spider-Man Original Game Soundtrack (ultimate-spider-man-original-game-soundtrack),,,"[""video game soundtrack""]","[""und""]",,,,Ultimate Spider-Man,,,khinsider_track_prominence_proxy,39.44822897251596,score_0_100,,,,75.77929158900639,,,,https://downloads.khinsider.com/game-soundtracks/album/ultimate-spider-man-original-game-soundtrack,2026-10-05,Track title is taken from KHInsider's soundtrack/gamerip album index. Popularity is an explicitly labelled proxy based on BeatHit game rank and track prominence.,"{""culture_category"":""video_game_music"",""video_game"":""Ultimate Spider-Man"",""game_rank"":2444,""game_association_kind"":""khinsider_game_soundtrack"",""khinsider_album_url"":""https://downloads.khinsider.com/game-soundtracks/album/ultimate-spider-man-original-game-soundtrack"",""khinsider_album_title"":""Ultimate Spider-Man Original Game Soundtrack (ultimate-spider-man-original-game-soundtrack)"",""khinsider_album_kind"":""official_or_gamerip"",""khinsider_album_match_score"":100.0,""relevance_score_100"":100.0,""popularity_score_100"":39.44822897251596,""score_100"":75.77929158900639,""popularity_basis"":""BeatHit master-list game rank plus track position proxy""}"
14,Powerplant Calm,Unknown credited artist,[],Ultimate Spider-Man: Total Mayhem (utimate-spider-man-total-mayhem-gamerip-2011-ios-android),,,"[""video game soundtrack""]","[""und""]",,,,Ultimate Spider-Man,,,khinsider_track_prominence_proxy,39.44822897251596,score_0_100,,,,75.77929158900639,,,,https://downloads.khinsider.com/game-soundtracks/album/utimate-spider-man-total-mayhem-gamerip-2011-ios-android,2026-10-05,Track title is taken from KHInsider's soundtrack/gamerip album index. Popularity is an explicitly labelled proxy based on BeatHit game rank and track prominence.,"{""culture_category"":""video_game_music"",""video_game"":""Ultimate Spider-Man"",""game_rank"":2444,""game_association_kind"":""khinsider_game_soundtrack"",""khinsider_album_url"":""https://downloads.khinsider.com/game-soundtracks/album/utimate-spider-man-total-mayhem-gamerip-2011-ios-android"",""khinsider_album_title"":""Ultimate Spider-Man: Total Mayhem (utimate-spider-man-total-mayhem-gamerip-2011-ios-android)"",""khinsider_album_kind"":""official_or_gamerip"",""khinsider_album_match_score"":100.0,""relevance_score_100"":100.0,""popularity_score_100"":39.44822897251596,""score_100"":75.77929158900639,""popularity_basis"":""BeatHit master-list game rank plus track position proxy""}"
15,Venom Fights Wolverine,Unknown credited artist,[],Ultimate Spider-Man Original Game Soundtrack (ultimate-spider-man-original-game-soundtrack),,,"[""video game soundtrack""]","[""und""]",,,,Ultimate Spider-Man,,,khinsider_track_prominence_proxy,39.238228972515955,score_0_100,,,,75.69529158900639,,,,https://downloads.khinsider.com/game-soundtracks/album/ultimate-spider-man-original-game-soundtrack,2026-10-05,Track title is taken from KHInsider's soundtrack/gamerip album index. Popularity is an explicitly labelled proxy based on BeatHit game rank and track prominence.,"{""culture_category"":""video_game_music"",""video_game"":""Ultimate Spider-Man"",""game_rank"":2444,""game_association_kind"":""khinsider_game_soundtrack"",""khinsider_album_url"":""https://downloads.khinsider.com/game-soundtracks/album/ultimate-spider-man-original-game-soundtrack"",""khinsider_album_title"":""Ultimate Spider-Man Original Game Soundtrack (ultimate-spider-man-original-game-soundtrack)"",""khinsider_album_kind"":""official_or_gamerip"",""khinsider_album_match_score"":100.0,""relevance_score_100"":100.0,""popularity_score_100"":39.238228972515955,""score_100"":75.69529158900639,""popularity_basis"":""BeatHit master-list game rank plus track position proxy""}"
16,Powerplant Action,Unknown credited artist,[],Ultimate Spider-Man: Total Mayhem (utimate-spider-man-total-mayhem-gamerip-2011-ios-android),,,"[""video game soundtrack""]","[""und""]",,,,Ultimate Spider-Man,,,khinsider_track_prominence_proxy,39.238228972515955,score_0_100,,,,75.69529158900639,,,,https://downloads.khinsider.com/game-soundtracks/album/utimate-spider-man-total-mayhem-gamerip-2011-ios-android,2026-10-05,Track title is taken from KHInsider's soundtrack/gamerip album index. Popularity is an explicitly labelled proxy based on BeatHit game rank and track prominence.,"{""culture_category"":""video_game_music"",""video_game"":""Ultimate Spider-Man"",""game_rank"":2444,""game_association_kind"":""khinsider_game_soundtrack"",""khinsider_album_url"":""https://downloads.khinsider.com/game-soundtracks/album/utimate-spider-man-total-mayhem-gamerip-2011-ios-android"",""khinsider_album_title"":""Ultimate Spider-Man: Total Mayhem (utimate-spider-man-total-mayhem-gamerip-2011-ios-android)"",""khinsider_album_kind"":""official_or_gamerip"",""khinsider_album_match_score"":100.0,""relevance_score_100"":100.0,""popularity_score_100"":39.238228972515955,""score_100"":75.69529158900639,""popularity_basis"":""BeatHit master-list game rank plus track position proxy""}"
17,Spidey's Rhino Beatdown,Unknown credited artist,[],Ultimate Spider-Man Original Game Soundtrack (ultimate-spider-man-original-game-soundtrack),,,"[""video game soundtrack""]","[""und""]",,,,Ultimate Spider-Man,,,khinsider_track_prominence_proxy,39.02822897251596,score_0_100,,,,75.61129158900638,,,,https://downloads.khinsider.com/game-soundtracks/album/ultimate-spider-man-original-game-soundtrack,2026-10-05,Track title is taken from KHInsider's soundtrack/gamerip album index. Popularity is an explicitly labelled proxy based on BeatHit game rank and track prominence.,"{""culture_category"":""video_game_music"",""video_game"":""Ultimate Spider-Man"",""game_rank"":2444,""game_association_kind"":""khinsider_game_soundtrack"",""khinsider_album_url"":""https://downloads.khinsider.com/game-soundtracks/album/ultimate-spider-man-original-game-soundtrack"",""khinsider_album_title"":""Ultimate Spider-Man Original Game Soundtrack (ultimate-spider-man-original-game-soundtrack)"",""khinsider_album_kind"":""official_or_gamerip"",""khinsider_album_match_score"":100.0,""relevance_score_100"":100.0,""popularity_score_100"":39.02822897251596,""score_100"":75.61129158900638,""popularity_basis"":""BeatHit master-list game rank plus track position proxy""}"
18,Powerplant Mixed,Unknown credited artist,[],Ultimate Spider-Man: Total Mayhem (utimate-spider-man-total-mayhem-gamerip-2011-ios-android),,,"[""video game soundtrack""]","[""und""]",,,,Ultimate Spider-Man,,,khinsider_track_prominence_proxy,39.02822897251596,score_0_100,,,,75.61129158900638,,,,https://downloads.khinsider.com/game-soundtracks/album/utimate-spider-man-total-mayhem-gamerip-2011-ios-android,2026-10-05,Track title is taken from KHInsider's soundtrack/gamerip album index. Popularity is an explicitly labelled proxy based on BeatHit game rank and track prominence.,"{""culture_category"":""video_game_music"",""video_game"":""Ultimate Spider-Man"",""game_rank"":2444,""game_association_kind"":""khinsider_game_soundtrack"",""khinsider_album_url"":""https://downloads.khinsider.com/game-soundtracks/album/utimate-spider-man-total-mayhem-gamerip-2011-ios-android"",""khinsider_album_title"":""Ultimate Spider-Man: Total Mayhem (utimate-spider-man-total-mayhem-gamerip-2011-ios-android)"",""khinsider_album_kind"":""official_or_gamerip"",""khinsider_album_match_score"":100.0,""relevance_score_100"":100.0,""popularity_score_100"":39.02822897251596,""score_100"":75.61129158900638,""popularity_basis"":""BeatHit master-list game rank plus track position proxy""}"
19,Venom Throw Down,Unknown credited artist,[],Ultimate Spider-Man Original Game Soundtrack (ultimate-spider-man-original-game-soundtrack),,,"[""video game soundtrack""]","[""und""]",,,,Ultimate Spider-Man,,,khinsider_track_prominence_proxy,38.81822897251596,score_0_100,,,,75.52729158900638,,,,https://downloads.khinsider.com/game-soundtracks/album/ultimate-spider-man-original-game-soundtrack,2026-10-05,Track title is taken from KHInsider's soundtrack/gamerip album index. Popularity is an explicitly labelled proxy based on BeatHit game rank and track prominence.,"{""culture_category"":""video_game_music"",""video_game"":""Ultimate Spider-Man"",""game_rank"":2444,""game_association_kind"":""khinsider_game_soundtrack"",""khinsider_album_url"":""https://downloads.khinsider.com/game-soundtracks/album/ultimate-spider-man-original-game-soundtrack"",""khinsider_album_title"":""Ultimate Spider-Man Original Game Soundtrack (ultimate-spider-man-original-game-soundtrack)"",""khinsider_album_kind"":""official_or_gamerip"",""khinsider_album_match_score"":100.0,""relevance_score_100"":100.0,""popularity_score_100"":38.81822897251596,""score_100"":75.52729158900638,""popularity_basis"":""BeatHit master-list game rank plus track position proxy""}"
20,Boss Electro,Unknown credited artist,[],Ultimate Spider-Man: Total Mayhem (utimate-spider-man-total-mayhem-gamerip-2011-ios-android),,,"[""video game soundtrack""]","[""und""]",,,,Ultimate Spider-Man,,,khinsider_track_prominence_proxy,38.81822897251596,score_0_100,,,,75.52729158900638,,,,https://downloads.khinsider.com/game-soundtracks/album/utimate-spider-man-total-mayhem-gamerip-2011-ios-android,2026-10-05,Track title is taken from KHInsider's soundtrack/gamerip album index. Popularity is an explicitly labelled proxy based on BeatHit game rank and track prominence.,"{""culture_category"":""video_game_music"",""video_game"":""Ultimate Spider-Man"",""game_rank"":2444,""game_association_kind"":""khinsider_game_soundtrack"",""khinsider_album_url"":""https://downloads.khinsider.com/game-soundtracks/album/utimate-spider-man-total-mayhem-gamerip-2011-ios-android"",""khinsider_album_title"":""Ultimate Spider-Man: Total Mayhem (utimate-spider-man-total-mayhem-gamerip-2011-ios-android)"",""khinsider_album_kind"":""official_or_gamerip"",""khinsider_album_match_score"":100.0,""relevance_score_100"":100.0,""popularity_score_100"":38.81822897251596,""score_100"":75.52729158900638,""popularity_basis"":""BeatHit master-list game rank plus track position proxy""}"
21,Venom & Electro Chase,Unknown credited artist,[],Ultimate Spider-Man Original Game Soundtrack (ultimate-spider-man-original-game-soundtrack),,,"[""video game soundtrack""]","[""und""]",,,,Ultimate Spider-Man,,,khinsider_track_prominence_proxy,38.60822897251596,score_0_100,,,,75.44329158900638,,,,https://downloads.khinsider.com/game-soundtracks/album/ultimate-spider-man-original-game-soundtrack,2026-10-05,Track title is taken from KHInsider's soundtrack/gamerip album index. Popularity is an explicitly labelled proxy based on BeatHit game rank and track prominence.,"{""culture_category"":""video_game_music"",""video_game"":""Ultimate Spider-Man"",""game_rank"":2444,""game_association_kind"":""khinsider_game_soundtrack"",""khinsider_album_url"":""https://downloads.khinsider.com/game-soundtracks/album/ultimate-spider-man-original-game-soundtrack"",""khinsider_album_title"":""Ultimate Spider-Man Original Game Soundtrack (ultimate-spider-man-original-game-soundtrack)"",""khinsider_album_kind"":""official_or_gamerip"",""khinsider_album_match_score"":100.0,""relevance_score_100"":100.0,""popularity_score_100"":38.60822897251596,""score_100"":75.44329158900638,""popularity_basis"":""BeatHit master-list game rank plus track position proxy""}"
22,Bridge Calm,Unknown credited artist,[],Ultimate Spider-Man: Total Mayhem (utimate-spider-man-total-mayhem-gamerip-2011-ios-android),,,"[""video game soundtrack""]","[""und""]",,,,Ultimate Spider-Man,,,khinsider_track_prominence_proxy,38.60822897251596,score_0_100,,,,75.44329158900638,,,,https://downloads.khinsider.com/game-soundtracks/album/utimate-spider-man-total-mayhem-gamerip-2011-ios-android,2026-10-05,Track title is taken from KHInsider's soundtrack/gamerip album index. Popularity is an explicitly labelled proxy based on BeatHit game rank and track prominence.,"{""culture_category"":""video_game_music"",""video_game"":""Ultimate Spider-Man"",""game_rank"":2444,""game_association_kind"":""khinsider_game_soundtrack"",""khinsider_album_url"":""https://downloads.khinsider.com/game-soundtracks/album/utimate-spider-man-total-mayhem-gamerip-2011-ios-android"",""khinsider_album_title"":""Ultimate Spider-Man: Total Mayhem (utimate-spider-man-total-mayhem-gamerip-2011-ios-android)"",""khinsider_album_kind"":""official_or_gamerip"",""khinsider_album_match_score"":100.0,""relevance_score_100"":100.0,""popularity_score_100"":38.60822897251596,""score_100"":75.44329158900638,""popularity_basis"":""BeatHit master-list game rank plus track position proxy""}"
23,Venom & Electro Finale,Unknown credited artist,[],Ultimate Spider-Man Original Game Soundtrack (ultimate-spider-man-original-game-soundtrack),,,"[""video game soundtrack""]","[""und""]",,,,Ultimate Spider-Man,,,khinsider_track_prominence_proxy,38.39822897251596,score_0_100,,,,75.35929158900639,,,,https://downloads.khinsider.com/game-soundtracks/album/ultimate-spider-man-original-game-soundtrack,2026-10-05,Track title is taken from KHInsider's soundtrack/gamerip album index. Popularity is an explicitly labelled proxy based on BeatHit game rank and track prominence.,"{""culture_category"":""video_game_music"",""video_game"":""Ultimate Spider-Man"",""game_rank"":2444,""game_association_kind"":""khinsider_game_soundtrack"",""khinsider_album_url"":""https://downloads.khinsider.com/game-soundtracks/album/ultimate-spider-man-original-game-soundtrack"",""khinsider_album_title"":""Ultimate Spider-Man Original Game Soundtrack (ultimate-spider-man-original-game-soundtrack)"",""khinsider_album_kind"":""official_or_gamerip"",""khinsider_album_match_score"":100.0,""relevance_score_100"":100.0,""popularity_score_100"":38.39822897251596,""score_100"":75.35929158900639,""popularity_basis"":""BeatHit master-list game rank plus track position proxy""}"
24,Bridge Action,Unknown credited artist,[],Ultimate Spider-Man: Total Mayhem (utimate-spider-man-total-mayhem-gamerip-2011-ios-android),,,"[""video game soundtrack""]","[""und""]",,,,Ultimate Spider-Man,,,khinsider_track_prominence_proxy,38.39822897251596,score_0_100,,,,75.35929158900639,,,,https://downloads.khinsider.com/game-soundtracks/album/utimate-spider-man-total-mayhem-gamerip-2011-ios-android,2026-10-05,Track title is taken from KHInsider's soundtrack/gamerip album index. Popularity is an explicitly labelled proxy based on BeatHit game rank and track prominence.,"{""culture_category"":""video_game_music"",""video_game"":""Ultimate Spider-Man"",""game_rank"":2444,""game_association_kind"":""khinsider_game_soundtrack"",""khinsider_album_url"":""https://downloads.khinsider.com/game-soundtracks/album/utimate-spider-man-total-mayhem-gamerip-2011-ios-android"",""khinsider_album_title"":""Ultimate Spider-Man: Total Mayhem (utimate-spider-man-total-mayhem-gamerip-2011-ios-android)"",""khinsider_album_kind"":""official_or_gamerip"",""khinsider_album_match_score"":100.0,""relevance_score_100"":100.0,""popularity_score_100"":38.39822897251596,""score_100"":75.35929158900639,""popularity_basis"":""BeatHit master-list game rank plus track position proxy""}"
25,Spidey Skychase,Unknown credited artist,[],Ultimate Spider-Man Original Game Soundtrack (ultimate-spider-man-original-game-soundtrack),,,"[""video game soundtrack""]","[""und""]",,,,Ultimate Spider-Man,,,khinsider_track_prominence_proxy,38.18822897251596,score_0_100,,,,75.27529158900639,,,,https://downloads.khinsider.com/game-soundtracks/album/ultimate-spider-man-original-game-soundtrack,2026-10-05,Track title is taken from KHInsider's soundtrack/gamerip album index. Popularity is an explicitly labelled proxy based on BeatHit game rank and track prominence.,"{""culture_category"":""video_game_music"",""video_game"":""Ultimate Spider-Man"",""game_rank"":2444,""game_association_kind"":""khinsider_game_soundtrack"",""khinsider_album_url"":""https://downloads.khinsider.com/game-soundtracks/album/ultimate-spider-man-original-game-soundtrack"",""khinsider_album_title"":""Ultimate Spider-Man Original Game Soundtrack (ultimate-spider-man-original-game-soundtrack)"",""khinsider_album_kind"":""official_or_gamerip"",""khinsider_album_match_score"":100.0,""relevance_score_100"":100.0,""popularity_score_100"":38.18822897251596,""score_100"":75.27529158900639,""popularity_basis"":""BeatHit master-list game rank plus track position proxy""}"
26,Bridge Mixed,Unknown credited artist,[],Ultimate Spider-Man: Total Mayhem (utimate-spider-man-total-mayhem-gamerip-2011-ios-android),,,"[""video game soundtrack""]","[""und""]",,,,Ultimate Spider-Man,,,khinsider_track_prominence_proxy,38.18822897251596,score_0_100,,,,75.27529158900639,,,,https://downloads.khinsider.com/game-soundtracks/album/utimate-spider-man-total-mayhem-gamerip-2011-ios-android,2026-10-05,Track title is taken from KHInsider's soundtrack/gamerip album index. Popularity is an explicitly labelled proxy based on BeatHit game rank and track prominence.,"{""culture_category"":""video_game_music"",""video_game"":""Ultimate Spider-Man"",""game_rank"":2444,""game_association_kind"":""khinsider_game_soundtrack"",""khinsider_album_url"":""https://downloads.khinsider.com/game-soundtracks/album/utimate-spider-man-total-mayhem-gamerip-2011-ios-android"",""khinsider_album_title"":""Ultimate Spider-Man: Total Mayhem (utimate-spider-man-total-mayhem-gamerip-2011-ios-android)"",""khinsider_album_kind"":""official_or_gamerip"",""khinsider_album_match_score"":100.0,""relevance_score_100"":100.0,""popularity_score_100"":38.18822897251596,""score_100"":75.27529158900639,""popularity_basis"":""BeatHit master-list game rank plus track position proxy""}"
27,Final Mega Battle,Unknown credited artist,[],Ultimate Spider-Man Original Game Soundtrack (ultimate-spider-man-original-game-soundtrack),,,"[""video game soundtrack""]","[""und""]",,,,Ultimate Spider-Man,,,khinsider_track_prominence_proxy,37.978228972515964,score_0_100,,,,75.19129158900638,,,,https://downloads.khinsider.com/game-soundtracks/album/ultimate-spider-man-original-game-soundtrack,2026-10-05,Track title is taken from KHInsider's soundtrack/gamerip album index. Popularity is an explicitly labelled proxy based on BeatHit game rank and track prominence.,"{""culture_category"":""video_game_music"",""video_game"":""Ultimate Spider-Man"",""game_rank"":2444,""game_association_kind"":""khinsider_game_soundtrack"",""khinsider_album_url"":""https://downloads.khinsider.com/game-soundtracks/album/ultimate-spider-man-original-game-soundtrack"",""khinsider_album_title"":""Ultimate Spider-Man Original Game Soundtrack (ultimate-spider-man-original-game-soundtrack)"",""khinsider_album_kind"":""official_or_gamerip"",""khinsider_album_match_score"":100.0,""relevance_score_100"":100.0,""popularity_score_100"":37.978228972515964,""score_100"":75.19129158900638,""popularity_basis"":""BeatHit master-list game rank plus track position proxy""}"
28,Boss Venom,Unknown credited artist,[],Ultimate Spider-Man: Total Mayhem (utimate-spider-man-total-mayhem-gamerip-2011-ios-android),,,"[""video game soundtrack""]","[""und""]",,,,Ultimate Spider-Man,,,khinsider_track_prominence_proxy,37.978228972515964,score_0_100,,,,75.19129158900638,,,,https://downloads.khinsider.com/game-soundtracks/album/utimate-spider-man-total-mayhem-gamerip-2011-ios-android,2026-10-05,Track title is taken from KHInsider's soundtrack/gamerip album index. Popularity is an explicitly labelled proxy based on BeatHit game rank and track prominence.,"{""culture_category"":""video_game_music"",""video_game"":""Ultimate Spider-Man"",""game_rank"":2444,""game_association_kind"":""khinsider_game_soundtrack"",""khinsider_album_url"":""https://downloads.khinsider.com/game-soundtracks/album/utimate-spider-man-total-mayhem-gamerip-2011-ios-android"",""khinsider_album_title"":""Ultimate Spider-Man: Total Mayhem (utimate-spider-man-total-mayhem-gamerip-2011-ios-android)"",""khinsider_album_kind"":""official_or_gamerip"",""khinsider_album_match_score"":100.0,""relevance_score_100"":100.0,""popularity_score_100"":37.978228972515964,""score_100"":75.19129158900638,""popularity_basis"":""BeatHit master-list game rank plus track position proxy""}"
29,Open City 1,Unknown credited artist,[],Ultimate Spider-Man Original Game Soundtrack (ultimate-spider-man-original-game-soundtrack),,,"[""video game soundtrack""]","[""und""]",,,,Ultimate Spider-Man,,,khinsider_track_prominence_proxy,37.768228972515956,score_0_100,,,,75.10729158900638,,,,https://downloads.khinsider.com/game-soundtracks/album/ultimate-spider-man-original-game-soundtrack,2026-10-05,Track title is taken from KHInsider's soundtrack/gamerip album index. Popularity is an explicitly labelled proxy based on BeatHit game rank and track prominence.,"{""culture_category"":""video_game_music"",""video_game"":""Ultimate Spider-Man"",""game_rank"":2444,""game_association_kind"":""khinsider_game_soundtrack"",""khinsider_album_url"":""https://downloads.khinsider.com/game-soundtracks/album/ultimate-spider-man-original-game-soundtrack"",""khinsider_album_title"":""Ultimate Spider-Man Original Game Soundtrack (ultimate-spider-man-original-game-soundtrack)"",""khinsider_album_kind"":""official_or_gamerip"",""khinsider_album_match_score"":100.0,""relevance_score_100"":100.0,""popularity_score_100"":37.768228972515956,""score_100"":75.10729158900638,""popularity_basis"":""BeatHit master-list game rank plus track position proxy""}"
30,Subway Calm,Unknown credited artist,[],Ultimate Spider-Man: Total Mayhem (utimate-spider-man-total-mayhem-gamerip-2011-ios-android),,,"[""video game soundtrack""]","[""und""]",,,,Ultimate Spider-Man,,,khinsider_track_prominence_proxy,37.768228972515956,score_0_100,,,,75.10729158900638,,,,https://downloads.khinsider.com/game-soundtracks/album/utimate-spider-man-total-mayhem-gamerip-2011-ios-android,2026-10-05,Track title is taken from KHInsider's soundtrack/gamerip album index. Popularity is an explicitly labelled proxy based on BeatHit game rank and track prominence.,"{""culture_category"":""video_game_music"",""video_game"":""Ultimate Spider-Man"",""game_rank"":2444,""game_association_kind"":""khinsider_game_soundtrack"",""khinsider_album_url"":""https://downloads.khinsider.com/game-soundtracks/album/utimate-spider-man-total-mayhem-gamerip-2011-ios-android"",""khinsider_album_title"":""Ultimate Spider-Man: Total Mayhem (utimate-spider-man-total-mayhem-gamerip-2011-ios-android)"",""khinsider_album_kind"":""official_or_gamerip"",""khinsider_album_match_score"":100.0,""relevance_score_100"":100.0,""popularity_score_100"":37.768228972515956,""score_100"":75.10729158900638,""popularity_basis"":""BeatHit master-list game rank plus track position proxy""}"
31,Open City 2,Unknown credited artist,[],Ultimate Spider-Man Original Game Soundtrack (ultimate-spider-man-original-game-soundtrack),,,"[""video game soundtrack""]","[""und""]",,,,Ultimate Spider-Man,,,khinsider_track_prominence_proxy,37.55822897251596,score_0_100,,,,75.02329158900639,,,,https://downloads.khinsider.com/game-soundtracks/album/ultimate-spider-man-original-game-soundtrack,2026-10-05,Track title is taken from KHInsider's soundtrack/gamerip album index. Popularity is an explicitly labelled proxy based on BeatHit game rank and track prominence.,"{""culture_category"":""video_game_music"",""video_game"":""Ultimate Spider-Man"",""game_rank"":2444,""game_association_kind"":""khinsider_game_soundtrack"",""khinsider_album_url"":""https://downloads.khinsider.com/game-soundtracks/album/ultimate-spider-man-original-game-soundtrack"",""khinsider_album_title"":""Ultimate Spider-Man Original Game Soundtrack (ultimate-spider-man-original-game-soundtrack)"",""khinsider_album_kind"":""official_or_gamerip"",""khinsider_album_match_score"":100.0,""relevance_score_100"":100.0,""popularity_score_100"":37.55822897251596,""score_100"":75.02329158900639,""popularity_basis"":""BeatHit master-list game rank plus track position proxy""}"
32,Subway Action,Unknown credited artist,[],Ultimate Spider-Man: Total Mayhem (utimate-spider-man-total-mayhem-gamerip-2011-ios-android),,,"[""video game soundtrack""]","[""und""]",,,,Ultimate Spider-Man,,,khinsider_track_prominence_proxy,37.55822897251596,score_0_100,,,,75.02329158900639,,,,https://downloads.khinsider.com/game-soundtracks/album/utimate-spider-man-total-mayhem-gamerip-2011-ios-android,2026-10-05,Track title is taken from KHInsider's soundtrack/gamerip album index. Popularity is an explicitly labelled proxy based on BeatHit game rank and track prominence.,"{""culture_category"":""video_game_music"",""video_game"":""Ultimate Spider-Man"",""game_rank"":2444,""game_association_kind"":""khinsider_game_soundtrack"",""khinsider_album_url"":""https://downloads.khinsider.com/game-soundtracks/album/utimate-spider-man-total-mayhem-gamerip-2011-ios-android"",""khinsider_album_title"":""Ultimate Spider-Man: Total Mayhem (utimate-spider-man-total-mayhem-gamerip-2011-ios-android)"",""khinsider_album_kind"":""official_or_gamerip"",""khinsider_album_match_score"":100.0,""relevance_score_100"":100.0,""popularity_score_100"":37.55822897251596,""score_100"":75.02329158900639,""popularity_basis"":""BeatHit master-list game rank plus track position proxy""}"
33,Open City 3,Unknown credited artist,[],Ultimate Spider-Man Original Game Soundtrack (ultimate-spider-man-original-game-soundtrack),,,"[""video game soundtrack""]","[""und""]",,,,Ultimate Spider-Man,,,khinsider_track_prominence_proxy,37.348228972515955,score_0_100,,,,74.93929158900639,,,,https://downloads.khinsider.com/game-soundtracks/album/ultimate-spider-man-original-game-soundtrack,2026-10-05,Track title is taken from KHInsider's soundtrack/gamerip album index. Popularity is an explicitly labelled proxy based on BeatHit game rank and track prominence.,"{""culture_category"":""video_game_music"",""video_game"":""Ultimate Spider-Man"",""game_rank"":2444,""game_association_kind"":""khinsider_game_soundtrack"",""khinsider_album_url"":""https://downloads.khinsider.com/game-soundtracks/album/ultimate-spider-man-original-game-soundtrack"",""khinsider_album_title"":""Ultimate Spider-Man Original Game Soundtrack (ultimate-spider-man-original-game-soundtrack)"",""khinsider_album_kind"":""official_or_gamerip"",""khinsider_album_match_score"":100.0,""relevance_score_100"":100.0,""popularity_score_100"":37.348228972515955,""score_100"":74.93929158900639,""popularity_basis"":""BeatHit master-list game rank plus track position proxy""}"
34,Subway Mixed,Unknown credited artist,[],Ultimate Spider-Man: Total Mayhem (utimate-spider-man-total-mayhem-gamerip-2011-ios-android),,,"[""video game soundtrack""]","[""und""]",,,,Ultimate Spider-Man,,,khinsider_track_prominence_proxy,37.348228972515955,score_0_100,,,,74.93929158900639,,,,https://downloads.khinsider.com/game-soundtracks/album/utimate-spider-man-total-mayhem-gamerip-2011-ios-android,2026-10-05,Track title is taken from KHInsider's soundtrack/gamerip album index. Popularity is an explicitly labelled proxy based on BeatHit game rank and track prominence.,"{""culture_category"":""video_game_music"",""video_game"":""Ultimate Spider-Man"",""game_rank"":2444,""game_association_kind"":""khinsider_game_soundtrack"",""khinsider_album_url"":""https://downloads.khinsider.com/game-soundtracks/album/utimate-spider-man-total-mayhem-gamerip-2011-ios-android"",""khinsider_album_title"":""Ultimate Spider-Man: Total Mayhem (utimate-spider-man-total-mayhem-gamerip-2011-ios-android)"",""khinsider_album_kind"":""official_or_gamerip"",""khinsider_album_match_score"":100.0,""relevance_score_100"":100.0,""popularity_score_100"":37.348228972515955,""score_100"":74.93929158900639,""popularity_basis"":""BeatHit master-list game rank plus track position proxy""}"
35,Open City 4,Unknown credited artist,[],Ultimate Spider-Man Original Game Soundtrack (ultimate-spider-man-original-game-soundtrack),,,"[""video game soundtrack""]","[""und""]",,,,Ultimate Spider-Man,,,khinsider_track_prominence_proxy,37.13822897251596,score_0_100,,,,74.85529158900638,,,,https://downloads.khinsider.com/game-soundtracks/album/ultimate-spider-man-original-game-soundtrack,2026-10-05,Track title is taken from KHInsider's soundtrack/gamerip album index. Popularity is an explicitly labelled proxy based on BeatHit game rank and track prominence.,"{""culture_category"":""video_game_music"",""video_game"":""Ultimate Spider-Man"",""game_rank"":2444,""game_association_kind"":""khinsider_game_soundtrack"",""khinsider_album_url"":""https://downloads.khinsider.com/game-soundtracks/album/ultimate-spider-man-original-game-soundtrack"",""khinsider_album_title"":""Ultimate Spider-Man Original Game Soundtrack (ultimate-spider-man-original-game-soundtrack)"",""khinsider_album_kind"":""official_or_gamerip"",""khinsider_album_match_score"":100.0,""relevance_score_100"":100.0,""popularity_score_100"":37.13822897251596,""score_100"":74.85529158900638,""popularity_basis"":""BeatHit master-list game rank plus track position proxy""}"
36,Laboratory Calm,Unknown credited artist,[],Ultimate Spider-Man: Total Mayhem (utimate-spider-man-total-mayhem-gamerip-2011-ios-android),,,"[""video game soundtrack""]","[""und""]",,,,Ultimate Spider-Man,,,khinsider_track_prominence_proxy,37.13822897251596,score_0_100,,,,74.85529158900638,,,,https://downloads.khinsider.com/game-soundtracks/album/utimate-spider-man-total-mayhem-gamerip-2011-ios-android,2026-10-05,Track title is taken from KHInsider's soundtrack/gamerip album index. Popularity is an explicitly labelled proxy based on BeatHit game rank and track prominence.,"{""culture_category"":""video_game_music"",""video_game"":""Ultimate Spider-Man"",""game_rank"":2444,""game_association_kind"":""khinsider_game_soundtrack"",""khinsider_album_url"":""https://downloads.khinsider.com/game-soundtracks/album/utimate-spider-man-total-mayhem-gamerip-2011-ios-android"",""khinsider_album_title"":""Ultimate Spider-Man: Total Mayhem (utimate-spider-man-total-mayhem-gamerip-2011-ios-android)"",""khinsider_album_kind"":""official_or_gamerip"",""khinsider_album_match_score"":100.0,""relevance_score_100"":100.0,""popularity_score_100"":37.13822897251596,""score_100"":74.85529158900638,""popularity_basis"":""BeatHit master-list game rank plus track position proxy""}"
37,Venom Fights Silver Sable,Unknown credited artist,[],Ultimate Spider-Man Original Game Soundtrack (ultimate-spider-man-original-game-soundtrack),,,"[""video game soundtrack""]","[""und""]",,,,Ultimate Spider-Man,,,khinsider_track_prominence_proxy,36.92822897251597,score_0_100,,,,74.77129158900638,,,,https://downloads.khinsider.com/game-soundtracks/album/ultimate-spider-man-original-game-soundtrack,2026-10-05,Track title is taken from KHInsider's soundtrack/gamerip album index. Popularity is an explicitly labelled proxy based on BeatHit game rank and track prominence.,"{""culture_category"":""video_game_music"",""video_game"":""Ultimate Spider-Man"",""game_rank"":2444,""game_association_kind"":""khinsider_game_soundtrack"",""khinsider_album_url"":""https://downloads.khinsider.com/game-soundtracks/album/ultimate-spider-man-original-game-soundtrack"",""khinsider_album_title"":""Ultimate Spider-Man Original Game Soundtrack (ultimate-spider-man-original-game-soundtrack)"",""khinsider_album_kind"":""official_or_gamerip"",""khinsider_album_match_score"":100.0,""relevance_score_100"":100.0,""popularity_score_100"":36.92822897251597,""score_100"":74.77129158900638,""popularity_basis"":""BeatHit master-list game rank plus track position proxy""}"
38,Laboratory Action,Unknown credited artist,[],Ultimate Spider-Man: Total Mayhem (utimate-spider-man-total-mayhem-gamerip-2011-ios-android),,,"[""video game soundtrack""]","[""und""]",,,,Ultimate Spider-Man,,,khinsider_track_prominence_proxy,36.92822897251597,score_0_100,,,,74.77129158900638,,,,https://downloads.khinsider.com/game-soundtracks/album/utimate-spider-man-total-mayhem-gamerip-2011-ios-android,2026-10-05,Track title is taken from KHInsider's soundtrack/gamerip album index. Popularity is an explicitly labelled proxy based on BeatHit game rank and track prominence.,"{""culture_category"":""video_game_music"",""video_game"":""Ultimate Spider-Man"",""game_rank"":2444,""game_association_kind"":""khinsider_game_soundtrack"",""khinsider_album_url"":""https://downloads.khinsider.com/game-soundtracks/album/utimate-spider-man-total-mayhem-gamerip-2011-ios-android"",""khinsider_album_title"":""Ultimate Spider-Man: Total Mayhem (utimate-spider-man-total-mayhem-gamerip-2011-ios-android)"",""khinsider_album_kind"":""official_or_gamerip"",""khinsider_album_match_score"":100.0,""relevance_score_100"":100.0,""popularity_score_100"":36.92822897251597,""score_100"":74.77129158900638,""popularity_basis"":""BeatHit master-list game rank plus track position proxy""}"
39,Final Game Cinematic,Unknown credited artist,[],Ultimate Spider-Man Original Game Soundtrack (ultimate-spider-man-original-game-soundtrack),,,"[""video game soundtrack""]","[""und""]",,,,Ultimate Spider-Man,,,khinsider_track_prominence_proxy,36.71822897251596,score_0_100,,,,74.68729158900638,,,,https://downloads.khinsider.com/game-soundtracks/album/ultimate-spider-man-original-game-soundtrack,2026-10-05,Track title is taken from KHInsider's soundtrack/gamerip album index. Popularity is an explicitly labelled proxy based on BeatHit game rank and track prominence.,"{""culture_category"":""video_game_music"",""video_game"":""Ultimate Spider-Man"",""game_rank"":2444,""game_association_kind"":""khinsider_game_soundtrack"",""khinsider_album_url"":""https://downloads.khinsider.com/game-soundtracks/album/ultimate-spider-man-original-game-soundtrack"",""khinsider_album_title"":""Ultimate Spider-Man Original Game Soundtrack (ultimate-spider-man-original-game-soundtrack)"",""khinsider_album_kind"":""official_or_gamerip"",""khinsider_album_match_score"":100.0,""relevance_score_100"":100.0,""popularity_score_100"":36.71822897251596,""score_100"":74.68729158900638,""popularity_basis"":""BeatHit master-list game rank plus track position proxy""}"
40,Laboratory Mixed,Unknown credited artist,[],Ultimate Spider-Man: Total Mayhem (utimate-spider-man-total-mayhem-gamerip-2011-ios-android),,,"[""video game soundtrack""]","[""und""]",,,,Ultimate Spider-Man,,,khinsider_track_prominence_proxy,36.71822897251596,score_0_100,,,,74.68729158900638,,,,https://downloads.khinsider.com/game-soundtracks/album/utimate-spider-man-total-mayhem-gamerip-2011-ios-android,2026-10-05,Track title is taken from KHInsider's soundtrack/gamerip album index. Popularity is an explicitly labelled proxy based on BeatHit game rank and track prominence.,"{""culture_category"":""video_game_music"",""video_game"":""Ultimate Spider-Man"",""game_rank"":2444,""game_association_kind"":""khinsider_game_soundtrack"",""khinsider_album_url"":""https://downloads.khinsider.com/game-soundtracks/album/utimate-spider-man-total-mayhem-gamerip-2011-ios-android"",""khinsider_album_title"":""Ultimate Spider-Man: Total Mayhem (utimate-spider-man-total-mayhem-gamerip-2011-ios-android)"",""khinsider_album_kind"":""official_or_gamerip"",""khinsider_album_match_score"":100.0,""relevance_score_100"":100.0,""popularity_score_100"":36.71822897251596,""score_100"":74.68729158900638,""popularity_basis"":""BeatHit master-list game rank plus track position proxy""}"
41,Spider-Man Suite 1,Unknown credited artist,[],Ultimate Spider-Man Original Game Soundtrack (ultimate-spider-man-original-game-soundtrack),,,"[""video game soundtrack""]","[""und""]",,,,Ultimate Spider-Man,,,khinsider_track_prominence_proxy,36.508228972515965,score_0_100,,,,74.60329158900639,,,,https://downloads.khinsider.com/game-soundtracks/album/ultimate-spider-man-original-game-soundtrack,2026-10-05,Track title is taken from KHInsider's soundtrack/gamerip album index. Popularity is an explicitly labelled proxy based on BeatHit game rank and track prominence.,"{""culture_category"":""video_game_music"",""video_game"":""Ultimate Spider-Man"",""game_rank"":2444,""game_association_kind"":""khinsider_game_soundtrack"",""khinsider_album_url"":""https://downloads.khinsider.com/game-soundtracks/album/ultimate-spider-man-original-game-soundtrack"",""khinsider_album_title"":""Ultimate Spider-Man Original Game Soundtrack (ultimate-spider-man-original-game-soundtrack)"",""khinsider_album_kind"":""official_or_gamerip"",""khinsider_album_match_score"":100.0,""relevance_score_100"":100.0,""popularity_score_100"":36.508228972515965,""score_100"":74.60329158900639,""popularity_basis"":""BeatHit master-list game rank plus track position proxy""}"
42,Boss Octopus,Unknown credited artist,[],Ultimate Spider-Man: Total Mayhem (utimate-spider-man-total-mayhem-gamerip-2011-ios-android),,,"[""video game soundtrack""]","[""und""]",,,,Ultimate Spider-Man,,,khinsider_track_prominence_proxy,36.508228972515965,score_0_100,,,,74.60329158900639,,,,https://downloads.khinsider.com/game-soundtracks/album/utimate-spider-man-total-mayhem-gamerip-2011-ios-android,2026-10-05,Track title is taken from KHInsider's soundtrack/gamerip album index. Popularity is an explicitly labelled proxy based on BeatHit game rank and track prominence.,"{""culture_category"":""video_game_music"",""video_game"":""Ultimate Spider-Man"",""game_rank"":2444,""game_association_kind"":""khinsider_game_soundtrack"",""khinsider_album_url"":""https://downloads.khinsider.com/game-soundtracks/album/utimate-spider-man-total-mayhem-gamerip-2011-ios-android"",""khinsider_album_title"":""Ultimate Spider-Man: Total Mayhem (utimate-spider-man-total-mayhem-gamerip-2011-ios-android)"",""khinsider_album_kind"":""official_or_gamerip"",""khinsider_album_match_score"":100.0,""relevance_score_100"":100.0,""popularity_score_100"":36.508228972515965,""score_100"":74.60329158900639,""popularity_basis"":""BeatHit master-list game rank plus track position proxy""}"
43,Spider-Man Suite 2,Unknown credited artist,[],Ultimate Spider-Man Original Game Soundtrack (ultimate-spider-man-original-game-soundtrack),,,"[""video game soundtrack""]","[""und""]",,,,Ultimate Spider-Man,,,khinsider_track_prominence_proxy,36.29822897251596,score_0_100,,,,74.51929158900639,,,,https://downloads.khinsider.com/game-soundtracks/album/ultimate-spider-man-original-game-soundtrack,2026-10-05,Track title is taken from KHInsider's soundtrack/gamerip album index. Popularity is an explicitly labelled proxy based on BeatHit game rank and track prominence.,"{""culture_category"":""video_game_music"",""video_game"":""Ultimate Spider-Man"",""game_rank"":2444,""game_association_kind"":""khinsider_game_soundtrack"",""khinsider_album_url"":""https://downloads.khinsider.com/game-soundtracks/album/ultimate-spider-man-original-game-soundtrack"",""khinsider_album_title"":""Ultimate Spider-Man Original Game Soundtrack (ultimate-spider-man-original-game-soundtrack)"",""khinsider_album_kind"":""official_or_gamerip"",""khinsider_album_match_score"":100.0,""relevance_score_100"":100.0,""popularity_score_100"":36.29822897251596,""score_100"":74.51929158900639,""popularity_basis"":""BeatHit master-list game rank plus track position proxy""}"
44,Stadium Calm,Unknown credited artist,[],Ultimate Spider-Man: Total Mayhem (utimate-spider-man-total-mayhem-gamerip-2011-ios-android),,,"[""video game soundtrack""]","[""und""]",,,,Ultimate Spider-Man,,,khinsider_track_prominence_proxy,36.29822897251596,score_0_100,,,,74.51929158900639,,,,https://downloads.khinsider.com/game-soundtracks/album/utimate-spider-man-total-mayhem-gamerip-2011-ios-android,2026-10-05,Track title is taken from KHInsider's soundtrack/gamerip album index. Popularity is an explicitly labelled proxy based on BeatHit game rank and track prominence.,"{""culture_category"":""video_game_music"",""video_game"":""Ultimate Spider-Man"",""game_rank"":2444,""game_association_kind"":""khinsider_game_soundtrack"",""khinsider_album_url"":""https://downloads.khinsider.com/game-soundtracks/album/utimate-spider-man-total-mayhem-gamerip-2011-ios-android"",""khinsider_album_title"":""Ultimate Spider-Man: Total Mayhem (utimate-spider-man-total-mayhem-gamerip-2011-ios-android)"",""khinsider_album_kind"":""official_or_gamerip"",""khinsider_album_match_score"":100.0,""relevance_score_100"":100.0,""popularity_score_100"":36.29822897251596,""score_100"":74.51929158900639,""popularity_basis"":""BeatHit master-list game rank plus track position proxy""}"
45,Introduction,Unknown credited artist,[],Ultimate Spider-Man (ultimate-spider-man-gameboy-advance),,,"[""video game soundtrack""]","[""und""]",,,,Ultimate Spider-Man,,,khinsider_track_prominence_proxy,40.70822897251596,score_0_100,,,,74.48329158900638,,,,https://downloads.khinsider.com/game-soundtracks/album/ultimate-spider-man-gameboy-advance,2026-10-05,Track title is taken from KHInsider's soundtrack/gamerip album index. Popularity is an explicitly labelled proxy based on BeatHit game rank and track prominence.,"{""culture_category"":""video_game_music"",""video_game"":""Ultimate Spider-Man"",""game_rank"":2444,""game_association_kind"":""khinsider_game_soundtrack"",""khinsider_album_url"":""https://downloads.khinsider.com/game-soundtracks/album/ultimate-spider-man-gameboy-advance"",""khinsider_album_title"":""Ultimate Spider-Man (ultimate-spider-man-gameboy-advance)"",""khinsider_album_kind"":""unclassified_game_album"",""khinsider_album_match_score"":100.0,""relevance_score_100"":97.0,""popularity_score_100"":40.70822897251596,""score_100"":74.48329158900638,""popularity_basis"":""BeatHit master-list game rank plus track position proxy""}"
46,Track 1,Unknown credited artist,[],Ultimate Spider-Man (ultimate-spiderman-original-game-audio),,,"[""video game soundtrack""]","[""und""]",,,,Ultimate Spider-Man,,,khinsider_track_prominence_proxy,40.70822897251596,score_0_100,,,,74.48329158900638,,,,https://downloads.khinsider.com/game-soundtracks/album/ultimate-spiderman-original-game-audio,2026-10-05,Track title is taken from KHInsider's soundtrack/gamerip album index. Popularity is an explicitly labelled proxy based on BeatHit game rank and track prominence.,"{""culture_category"":""video_game_music"",""video_game"":""Ultimate Spider-Man"",""game_rank"":2444,""game_association_kind"":""khinsider_game_soundtrack"",""khinsider_album_url"":""https://downloads.khinsider.com/game-soundtracks/album/ultimate-spiderman-original-game-audio"",""khinsider_album_title"":""Ultimate Spider-Man (ultimate-spiderman-original-game-audio)"",""khinsider_album_kind"":""unclassified_game_album"",""khinsider_album_match_score"":100.0,""relevance_score_100"":97.0,""popularity_score_100"":40.70822897251596,""score_100"":74.48329158900638,""popularity_basis"":""BeatHit master-list game rank plus track position proxy""}"
47,Spider-Man Suite 3,Unknown credited artist,[],Ultimate Spider-Man Original Game Soundtrack (ultimate-spider-man-original-game-soundtrack),,,"[""video game soundtrack""]","[""und""]",,,,Ultimate Spider-Man,,,khinsider_track_prominence_proxy,36.088228972515964,score_0_100,,,,74.43529158900638,,,,https://downloads.khinsider.com/game-soundtracks/album/ultimate-spider-man-original-game-soundtrack,2026-10-05,Track title is taken from KHInsider's soundtrack/gamerip album index. Popularity is an explicitly labelled proxy based on BeatHit game rank and track prominence.,"{""culture_category"":""video_game_music"",""video_game"":""Ultimate Spider-Man"",""game_rank"":2444,""game_association_kind"":""khinsider_game_soundtrack"",""khinsider_album_url"":""https://downloads.khinsider.com/game-soundtracks/album/ultimate-spider-man-original-game-soundtrack"",""khinsider_album_title"":""Ultimate Spider-Man Original Game Soundtrack (ultimate-spider-man-original-game-soundtrack)"",""khinsider_album_kind"":""official_or_gamerip"",""khinsider_album_match_score"":100.0,""relevance_score_100"":100.0,""popularity_score_100"":36.088228972515964,""score_100"":74.43529158900638,""popularity_basis"":""BeatHit master-list game rank plus track position proxy""}"
48,Stadium Action,Unknown credited artist,[],Ultimate Spider-Man: Total Mayhem (utimate-spider-man-total-mayhem-gamerip-2011-ios-android),,,"[""video game soundtrack""]","[""und""]",,,,Ultimate Spider-Man,,,khinsider_track_prominence_proxy,36.088228972515964,score_0_100,,,,74.43529158900638,,,,https://downloads.khinsider.com/game-soundtracks/album/utimate-spider-man-total-mayhem-gamerip-2011-ios-android,2026-10-05,Track title is taken from KHInsider's soundtrack/gamerip album index. Popularity is an explicitly labelled proxy based on BeatHit game rank and track prominence.,"{""culture_category"":""video_game_music"",""video_game"":""Ultimate Spider-Man"",""game_rank"":2444,""game_association_kind"":""khinsider_game_soundtrack"",""khinsider_album_url"":""https://downloads.khinsider.com/game-soundtracks/album/utimate-spider-man-total-mayhem-gamerip-2011-ios-android"",""khinsider_album_title"":""Ultimate Spider-Man: Total Mayhem (utimate-spider-man-total-mayhem-gamerip-2011-ios-android)"",""khinsider_album_kind"":""official_or_gamerip"",""khinsider_album_match_score"":100.0,""relevance_score_100"":100.0,""popularity_score_100"":36.088228972515964,""score_100"":74.43529158900638,""popularity_basis"":""BeatHit master-list game rank plus track position proxy""}"
49,Main Theme,Unknown credited artist,[],Ultimate Spider-Man (ultimate-spider-man-gameboy-advance),,,"[""video game soundtrack""]","[""und""]",,,,Ultimate Spider-Man,,,khinsider_track_prominence_proxy,40.49822897251596,score_0_100,,,,74.39929158900638,,,,https://downloads.khinsider.com/game-soundtracks/album/ultimate-spider-man-gameboy-advance,2026-10-05,Track title is taken from KHInsider's soundtrack/gamerip album index. Popularity is an explicitly labelled proxy based on BeatHit game rank and track prominence.,"{""culture_category"":""video_game_music"",""video_game"":""Ultimate Spider-Man"",""game_rank"":2444,""game_association_kind"":""khinsider_game_soundtrack"",""khinsider_album_url"":""https://downloads.khinsider.com/game-soundtracks/album/ultimate-spider-man-gameboy-advance"",""khinsider_album_title"":""Ultimate Spider-Man (ultimate-spider-man-gameboy-advance)"",""khinsider_album_kind"":""unclassified_game_album"",""khinsider_album_match_score"":100.0,""relevance_score_100"":97.0,""popularity_score_100"":40.49822897251596,""score_100"":74.39929158900638,""popularity_basis"":""BeatHit master-list game rank plus track position proxy""}"
50,Track 2,Unknown credited artist,[],Ultimate Spider-Man (ultimate-spiderman-original-game-audio),,,"[""video game soundtrack""]","[""und""]",,,,Ultimate Spider-Man,,,khinsider_track_prominence_proxy,40.49822897251596,score_0_100,,,,74.39929158900638,,,,https://downloads.khinsider.com/game-soundtracks/album/ultimate-spiderman-original-game-audio,2026-10-05,Track title is taken from KHInsider's soundtrack/gamerip album index. Popularity is an explicitly labelled proxy based on BeatHit game rank and track prominence.,"{""culture_category"":""video_game_music"",""video_game"":""Ultimate Spider-Man"",""game_rank"":2444,""game_association_kind"":""khinsider_game_soundtrack"",""khinsider_album_url"":""https://downloads.khinsider.com/game-soundtracks/album/ultimate-spiderman-original-game-audio"",""khinsider_album_title"":""Ultimate Spider-Man (ultimate-spiderman-original-game-audio)"",""khinsider_album_kind"":""unclassified_game_album"",""khinsider_album_match_score"":100.0,""relevance_score_100"":97.0,""popularity_score_100"":40.49822897251596,""score_100"":74.39929158900638,""popularity_basis"":""BeatHit master-list game rank plus track position proxy""}"
51,Venom Suite 1,Unknown credited artist,[],Ultimate Spider-Man Original Game Soundtrack (ultimate-spider-man-original-game-soundtrack),,,"[""video game soundtrack""]","[""und""]",,,,Ultimate Spider-Man,,,khinsider_track_prominence_proxy,35.87822897251596,score_0_100,,,,74.3512915890064,,,,https://downloads.khinsider.com/game-soundtracks/album/ultimate-spider-man-original-game-soundtrack,2026-10-05,Track title is taken from KHInsider's soundtrack/gamerip album index. Popularity is an explicitly labelled proxy based on BeatHit game rank and track prominence.,"{""culture_category"":""video_game_music"",""video_game"":""Ultimate Spider-Man"",""game_rank"":2444,""game_association_kind"":""khinsider_game_soundtrack"",""khinsider_album_url"":""https://downloads.khinsider.com/game-soundtracks/album/ultimate-spider-man-original-game-soundtrack"",""khinsider_album_title"":""Ultimate Spider-Man Original Game Soundtrack (ultimate-spider-man-original-game-soundtrack)"",""khinsider_album_kind"":""official_or_gamerip"",""khinsider_album_match_score"":100.0,""relevance_score_100"":100.0,""popularity_score_100"":35.87822897251596,""score_100"":74.3512915890064,""popularity_basis"":""BeatHit master-list game rank plus track position proxy""}"
52,Stadium Mixed,Unknown credited artist,[],Ultimate Spider-Man: Total Mayhem (utimate-spider-man-total-mayhem-gamerip-2011-ios-android),,,"[""video game soundtrack""]","[""und""]",,,,Ultimate Spider-Man,,,khinsider_track_prominence_proxy,35.87822897251596,score_0_100,,,,74.3512915890064,,,,https://downloads.khinsider.com/game-soundtracks/album/utimate-spider-man-total-mayhem-gamerip-2011-ios-android,2026-10-05,Track title is taken from KHInsider's soundtrack/gamerip album index. Popularity is an explicitly labelled proxy based on BeatHit game rank and track prominence.,"{""culture_category"":""video_game_music"",""video_game"":""Ultimate Spider-Man"",""game_rank"":2444,""game_association_kind"":""khinsider_game_soundtrack"",""khinsider_album_url"":""https://downloads.khinsider.com/game-soundtracks/album/utimate-spider-man-total-mayhem-gamerip-2011-ios-android"",""khinsider_album_title"":""Ultimate Spider-Man: Total Mayhem (utimate-spider-man-total-mayhem-gamerip-2011-ios-android)"",""khinsider_album_kind"":""official_or_gamerip"",""khinsider_album_match_score"":100.0,""relevance_score_100"":100.0,""popularity_score_100"":35.87822897251596,""score_100"":74.3512915890064,""popularity_basis"":""BeatHit master-list game rank plus track position proxy""}"
53,Queens,Unknown credited artist,[],Ultimate Spider-Man (ultimate-spider-man-gameboy-advance),,,"[""video game soundtrack""]","[""und""]",,,,Ultimate Spider-Man,,,khinsider_track_prominence_proxy,40.28822897251596,score_0_100,,,,74.31529158900638,,,,https://downloads.khinsider.com/game-soundtracks/album/ultimate-spider-man-gameboy-advance,2026-10-05,Track title is taken from KHInsider's soundtrack/gamerip album index. Popularity is an explicitly labelled proxy based on BeatHit game rank and track prominence.,"{""culture_category"":""video_game_music"",""video_game"":""Ultimate Spider-Man"",""game_rank"":2444,""game_association_kind"":""khinsider_game_soundtrack"",""khinsider_album_url"":""https://downloads.khinsider.com/game-soundtracks/album/ultimate-spider-man-gameboy-advance"",""khinsider_album_title"":""Ultimate Spider-Man (ultimate-spider-man-gameboy-advance)"",""khinsider_album_kind"":""unclassified_game_album"",""khinsider_album_match_score"":100.0,""relevance_score_100"":97.0,""popularity_score_100"":40.28822897251596,""score_100"":74.31529158900638,""popularity_basis"":""BeatHit master-list game rank plus track position proxy""}"
54,Track 3,Unknown credited artist,[],Ultimate Spider-Man (ultimate-spiderman-original-game-audio),,,"[""video game soundtrack""]","[""und""]",,,,Ultimate Spider-Man,,,khinsider_track_prominence_proxy,40.28822897251596,score_0_100,,,,74.31529158900638,,,,https://downloads.khinsider.com/game-soundtracks/album/ultimate-spiderman-original-game-audio,2026-10-05,Track title is taken from KHInsider's soundtrack/gamerip album index. Popularity is an explicitly labelled proxy based on BeatHit game rank and track prominence.,"{""culture_category"":""video_game_music"",""video_game"":""Ultimate Spider-Man"",""game_rank"":2444,""game_association_kind"":""khinsider_game_soundtrack"",""khinsider_album_url"":""https://downloads.khinsider.com/game-soundtracks/album/ultimate-spiderman-original-game-audio"",""khinsider_album_title"":""Ultimate Spider-Man (ultimate-spiderman-original-game-audio)"",""khinsider_album_kind"":""unclassified_game_album"",""khinsider_album_match_score"":100.0,""relevance_score_100"":97.0,""popularity_score_100"":40.28822897251596,""score_100"":74.31529158900638,""popularity_basis"":""BeatHit master-list game rank plus track position proxy""}"
55,Venom Suite 2,Unknown credited artist,[],Ultimate Spider-Man Original Game Soundtrack (ultimate-spider-man-original-game-soundtrack),,,"[""video game soundtrack""]","[""und""]",,,,Ultimate Spider-Man,,,khinsider_track_prominence_proxy,35.66822897251596,score_0_100,,,,74.26729158900639,,,,https://downloads.khinsider.com/game-soundtracks/album/ultimate-spider-man-original-game-soundtrack,2026-10-05,Track title is taken from KHInsider's soundtrack/gamerip album index. Popularity is an explicitly labelled proxy based on BeatHit game rank and track prominence.,"{""culture_category"":""video_game_music"",""video_game"":""Ultimate Spider-Man"",""game_rank"":2444,""game_association_kind"":""khinsider_game_soundtrack"",""khinsider_album_url"":""https://downloads.khinsider.com/game-soundtracks/album/ultimate-spider-man-original-game-soundtrack"",""khinsider_album_title"":""Ultimate Spider-Man Original Game Soundtrack (ultimate-spider-man-original-game-soundtrack)"",""khinsider_album_kind"":""official_or_gamerip"",""khinsider_album_match_score"":100.0,""relevance_score_100"":100.0,""popularity_score_100"":35.66822897251596,""score_100"":74.26729158900639,""popularity_basis"":""BeatHit master-list game rank plus track position proxy""}"
56,Defeat,Unknown credited artist,[],Ultimate Spider-Man: Total Mayhem (utimate-spider-man-total-mayhem-gamerip-2011-ios-android),,,"[""video game soundtrack""]","[""und""]",,,,Ultimate Spider-Man,,,khinsider_track_prominence_proxy,35.66822897251596,score_0_100,,,,74.26729158900639,,,,https://downloads.khinsider.com/game-soundtracks/album/utimate-spider-man-total-mayhem-gamerip-2011-ios-android,2026-10-05,Track title is taken from KHInsider's soundtrack/gamerip album index. Popularity is an explicitly labelled proxy based on BeatHit game rank and track prominence.,"{""culture_category"":""video_game_music"",""video_game"":""Ultimate Spider-Man"",""game_rank"":2444,""game_association_kind"":""khinsider_game_soundtrack"",""khinsider_album_url"":""https://downloads.khinsider.com/game-soundtracks/album/utimate-spider-man-total-mayhem-gamerip-2011-ios-android"",""khinsider_album_title"":""Ultimate Spider-Man: Total Mayhem (utimate-spider-man-total-mayhem-gamerip-2011-ios-android)"",""khinsider_album_kind"":""official_or_gamerip"",""khinsider_album_match_score"":100.0,""relevance_score_100"":100.0,""popularity_score_100"":35.66822897251596,""score_100"":74.26729158900639,""popularity_basis"":""BeatHit master-list game rank plus track position proxy""}"
57,Sewers,Unknown credited artist,[],Ultimate Spider-Man (ultimate-spider-man-gameboy-advance),,,"[""video game soundtrack""]","[""und""]",,,,Ultimate Spider-Man,,,khinsider_track_prominence_proxy,40.07822897251596,score_0_100,,,,74.23129158900637,,,,https://downloads.khinsider.com/game-soundtracks/album/ultimate-spider-man-gameboy-advance,2026-10-05,Track title is taken from KHInsider's soundtrack/gamerip album index. Popularity is an explicitly labelled proxy based on BeatHit game rank and track prominence.,"{""culture_category"":""video_game_music"",""video_game"":""Ultimate Spider-Man"",""game_rank"":2444,""game_association_kind"":""khinsider_game_soundtrack"",""khinsider_album_url"":""https://downloads.khinsider.com/game-soundtracks/album/ultimate-spider-man-gameboy-advance"",""khinsider_album_title"":""Ultimate Spider-Man (ultimate-spider-man-gameboy-advance)"",""khinsider_album_kind"":""unclassified_game_album"",""khinsider_album_match_score"":100.0,""relevance_score_100"":97.0,""popularity_score_100"":40.07822897251596,""score_100"":74.23129158900637,""popularity_basis"":""BeatHit master-list game rank plus track position proxy""}"
58,Track 4,Unknown credited artist,[],Ultimate Spider-Man (ultimate-spiderman-original-game-audio),,,"[""video game soundtrack""]","[""und""]",,,,Ultimate Spider-Man,,,khinsider_track_prominence_proxy,40.07822897251596,score_0_100,,,,74.23129158900637,,,,https://downloads.khinsider.com/game-soundtracks/album/ultimate-spiderman-original-game-audio,2026-10-05,Track title is taken from KHInsider's soundtrack/gamerip album index. Popularity is an explicitly labelled proxy based on BeatHit game rank and track prominence.,"{""culture_category"":""video_game_music"",""video_game"":""Ultimate Spider-Man"",""game_rank"":2444,""game_association_kind"":""khinsider_game_soundtrack"",""khinsider_album_url"":""https://downloads.khinsider.com/game-soundtracks/album/ultimate-spiderman-original-game-audio"",""khinsider_album_title"":""Ultimate Spider-Man (ultimate-spiderman-original-game-audio)"",""khinsider_album_kind"":""unclassified_game_album"",""khinsider_album_match_score"":100.0,""relevance_score_100"":97.0,""popularity_score_100"":40.07822897251596,""score_100"":74.23129158900637,""popularity_basis"":""BeatHit master-list game rank plus track position proxy""}"
59,Venom Suite 3,Unknown credited artist,[],Ultimate Spider-Man Original Game Soundtrack (ultimate-spider-man-original-game-soundtrack),,,"[""video game soundtrack""]","[""und""]",,,,Ultimate Spider-Man,,,khinsider_track_prominence_proxy,35.45822897251596,score_0_100,,,,74.18329158900639,,,,https://downloads.khinsider.com/game-soundtracks/album/ultimate-spider-man-original-game-soundtrack,2026-10-05,Track title is taken from KHInsider's soundtrack/gamerip album index. Popularity is an explicitly labelled proxy based on BeatHit game rank and track prominence.,"{""culture_category"":""video_game_music"",""video_game"":""Ultimate Spider-Man"",""game_rank"":2444,""game_association_kind"":""khinsider_game_soundtrack"",""khinsider_album_url"":""https://downloads.khinsider.com/game-soundtracks/album/ultimate-spider-man-original-game-soundtrack"",""khinsider_album_title"":""Ultimate Spider-Man Original Game Soundtrack (ultimate-spider-man-original-game-soundtrack)"",""khinsider_album_kind"":""official_or_gamerip"",""khinsider_album_match_score"":100.0,""relevance_score_100"":100.0,""popularity_score_100"":35.45822897251596,""score_100"":74.18329158900639,""popularity_basis"":""BeatHit master-list game rank plus track position proxy""}"
60,Skyscraper Calm,Unknown credited artist,[],Ultimate Spider-Man: Total Mayhem (utimate-spider-man-total-mayhem-gamerip-2011-ios-android),,,"[""video game soundtrack""]","[""und""]",,,,Ultimate Spider-Man,,,khinsider_track_prominence_proxy,35.45822897251596,score_0_100,,,,74.18329158900639,,,,https://downloads.khinsider.com/game-soundtracks/album/utimate-spider-man-total-mayhem-gamerip-2011-ios-android,2026-10-05,Track title is taken from KHInsider's soundtrack/gamerip album index. Popularity is an explicitly labelled proxy based on BeatHit game rank and track prominence.,"{""culture_category"":""video_game_music"",""video_game"":""Ultimate Spider-Man"",""game_rank"":2444,""game_association_kind"":""khinsider_game_soundtrack"",""khinsider_album_url"":""https://downloads.khinsider.com/game-soundtracks/album/utimate-spider-man-total-mayhem-gamerip-2011-ios-android"",""khinsider_album_title"":""Ultimate Spider-Man: Total Mayhem (utimate-spider-man-total-mayhem-gamerip-2011-ios-android)"",""khinsider_album_kind"":""official_or_gamerip"",""khinsider_album_match_score"":100.0,""relevance_score_100"":100.0,""popularity_score_100"":35.45822897251596,""score_100"":74.18329158900639,""popularity_basis"":""BeatHit master-list game rank plus track position proxy""}"
61,Midtown,Unknown credited artist,[],Ultimate Spider-Man (ultimate-spider-man-gameboy-advance),,,"[""video game soundtrack""]","[""und""]",,,,Ultimate Spider-Man,,,khinsider_track_prominence_proxy,39.868228972515965,score_0_100,,,,74.14729158900639,,,,https://downloads.khinsider.com/game-soundtracks/album/ultimate-spider-man-gameboy-advance,2026-10-05,Track title is taken from KHInsider's soundtrack/gamerip album index. Popularity is an explicitly labelled proxy based on BeatHit game rank and track prominence.,"{""culture_category"":""video_game_music"",""video_game"":""Ultimate Spider-Man"",""game_rank"":2444,""game_association_kind"":""khinsider_game_soundtrack"",""khinsider_album_url"":""https://downloads.khinsider.com/game-soundtracks/album/ultimate-spider-man-gameboy-advance"",""khinsider_album_title"":""Ultimate Spider-Man (ultimate-spider-man-gameboy-advance)"",""khinsider_album_kind"":""unclassified_game_album"",""khinsider_album_match_score"":100.0,""relevance_score_100"":97.0,""popularity_score_100"":39.868228972515965,""score_100"":74.14729158900639,""popularity_basis"":""BeatHit master-list game rank plus track position proxy""}"
62,Track 5,Unknown credited artist,[],Ultimate Spider-Man (ultimate-spiderman-original-game-audio),,,"[""video game soundtrack""]","[""und""]",,,,Ultimate Spider-Man,,,khinsider_track_prominence_proxy,39.868228972515965,score_0_100,,,,74.14729158900639,,,,https://downloads.khinsider.com/game-soundtracks/album/ultimate-spiderman-original-game-audio,2026-10-05,Track title is taken from KHInsider's soundtrack/gamerip album index. Popularity is an explicitly labelled proxy based on BeatHit game rank and track prominence.,"{""culture_category"":""video_game_music"",""video_game"":""Ultimate Spider-Man"",""game_rank"":2444,""game_association_kind"":""khinsider_game_soundtrack"",""khinsider_album_url"":""https://downloads.khinsider.com/game-soundtracks/album/ultimate-spiderman-original-game-audio"",""khinsider_album_title"":""Ultimate Spider-Man (ultimate-spiderman-original-game-audio)"",""khinsider_album_kind"":""unclassified_game_album"",""khinsider_album_match_score"":100.0,""relevance_score_100"":97.0,""popularity_score_100"":39.868228972515965,""score_100"":74.14729158900639,""popularity_basis"":""BeatHit master-list game rank plus track position proxy""}"
63,Bonus USM City Mix 1,Unknown credited artist,[],Ultimate Spider-Man Original Game Soundtrack (ultimate-spider-man-original-game-soundtrack),,,"[""video game soundtrack""]","[""und""]",,,,Ultimate Spider-Man,,,khinsider_track_prominence_proxy,35.24822897251596,score_0_100,,,,74.09929158900638,,,,https://downloads.khinsider.com/game-soundtracks/album/ultimate-spider-man-original-game-soundtrack,2026-10-05,Track title is taken from KHInsider's soundtrack/gamerip album index. Popularity is an explicitly labelled proxy based on BeatHit game rank and track prominence.,"{""culture_category"":""video_game_music"",""video_game"":""Ultimate Spider-Man"",""game_rank"":2444,""game_association_kind"":""khinsider_game_soundtrack"",""khinsider_album_url"":""https://downloads.khinsider.com/game-soundtracks/album/ultimate-spider-man-original-game-soundtrack"",""khinsider_album_title"":""Ultimate Spider-Man Original Game Soundtrack (ultimate-spider-man-original-game-soundtrack)"",""khinsider_album_kind"":""official_or_gamerip"",""khinsider_album_match_score"":100.0,""relevance_score_100"":100.0,""popularity_score_100"":35.24822897251596,""score_100"":74.09929158900638,""popularity_basis"":""BeatHit master-list game rank plus track position proxy""}"
64,Skyscraper Action,Unknown credited artist,[],Ultimate Spider-Man: Total Mayhem (utimate-spider-man-total-mayhem-gamerip-2011-ios-android),,,"[""video game soundtrack""]","[""und""]",,,,Ultimate Spider-Man,,,khinsider_track_prominence_proxy,35.24822897251596,score_0_100,,,,74.09929158900638,,,,https://downloads.khinsider.com/game-soundtracks/album/utimate-spider-man-total-mayhem-gamerip-2011-ios-android,2026-10-05,Track title is taken from KHInsider's soundtrack/gamerip album index. Popularity is an explicitly labelled proxy based on BeatHit game rank and track prominence.,"{""culture_category"":""video_game_music"",""video_game"":""Ultimate Spider-Man"",""game_rank"":2444,""game_association_kind"":""khinsider_game_soundtrack"",""khinsider_album_url"":""https://downloads.khinsider.com/game-soundtracks/album/utimate-spider-man-total-mayhem-gamerip-2011-ios-android"",""khinsider_album_title"":""Ultimate Spider-Man: Total Mayhem (utimate-spider-man-total-mayhem-gamerip-2011-ios-android)"",""khinsider_album_kind"":""official_or_gamerip"",""khinsider_album_match_score"":100.0,""relevance_score_100"":100.0,""popularity_score_100"":35.24822897251596,""score_100"":74.09929158900638,""popularity_basis"":""BeatHit master-list game rank plus track position proxy""}"
65,Sewers Fight,Unknown credited artist,[],Ultimate Spider-Man (ultimate-spider-man-gameboy-advance),,,"[""video game soundtrack""]","[""und""]",,,,Ultimate Spider-Man,,,khinsider_track_prominence_proxy,39.65822897251596,score_0_100,,,,74.06329158900638,,,,https://downloads.khinsider.com/game-soundtracks/album/ultimate-spider-man-gameboy-advance,2026-10-05,Track title is taken from KHInsider's soundtrack/gamerip album index. Popularity is an explicitly labelled proxy based on BeatHit game rank and track prominence.,"{""culture_category"":""video_game_music"",""video_game"":""Ultimate Spider-Man"",""game_rank"":2444,""game_association_kind"":""khinsider_game_soundtrack"",""khinsider_album_url"":""https://downloads.khinsider.com/game-soundtracks/album/ultimate-spider-man-gameboy-advance"",""khinsider_album_title"":""Ultimate Spider-Man (ultimate-spider-man-gameboy-advance)"",""khinsider_album_kind"":""unclassified_game_album"",""khinsider_album_match_score"":100.0,""relevance_score_100"":97.0,""popularity_score_100"":39.65822897251596,""score_100"":74.06329158900638,""popularity_basis"":""BeatHit master-list game rank plus track position proxy""}"
66,Track 6,Unknown credited artist,[],Ultimate Spider-Man (ultimate-spiderman-original-game-audio),,,"[""video game soundtrack""]","[""und""]",,,,Ultimate Spider-Man,,,khinsider_track_prominence_proxy,39.65822897251596,score_0_100,,,,74.06329158900638,,,,https://downloads.khinsider.com/game-soundtracks/album/ultimate-spiderman-original-game-audio,2026-10-05,Track title is taken from KHInsider's soundtrack/gamerip album index. Popularity is an explicitly labelled proxy based on BeatHit game rank and track prominence.,"{""culture_category"":""video_game_music"",""video_game"":""Ultimate Spider-Man"",""game_rank"":2444,""game_association_kind"":""khinsider_game_soundtrack"",""khinsider_album_url"":""https://downloads.khinsider.com/game-soundtracks/album/ultimate-spiderman-original-game-audio"",""khinsider_album_title"":""Ultimate Spider-Man (ultimate-spiderman-original-game-audio)"",""khinsider_album_kind"":""unclassified_game_album"",""khinsider_album_match_score"":100.0,""relevance_score_100"":97.0,""popularity_score_100"":39.65822897251596,""score_100"":74.06329158900638,""popularity_basis"":""BeatHit master-list game rank plus track position proxy""}"
67,Bonus USM City Mix 2,Unknown credited artist,[],Ultimate Spider-Man Original Game Soundtrack (ultimate-spider-man-original-game-soundtrack),,,"[""video game soundtrack""]","[""und""]",,,,Ultimate Spider-Man,,,khinsider_track_prominence_proxy,35.03822897251596,score_0_100,,,,74.01529158900638,,,,https://downloads.khinsider.com/game-soundtracks/album/ultimate-spider-man-original-game-soundtrack,2026-10-05,Track title is taken from KHInsider's soundtrack/gamerip album index. Popularity is an explicitly labelled proxy based on BeatHit game rank and track prominence.,"{""culture_category"":""video_game_music"",""video_game"":""Ultimate Spider-Man"",""game_rank"":2444,""game_association_kind"":""khinsider_game_soundtrack"",""khinsider_album_url"":""https://downloads.khinsider.com/game-soundtracks/album/ultimate-spider-man-original-game-soundtrack"",""khinsider_album_title"":""Ultimate Spider-Man Original Game Soundtrack (ultimate-spider-man-original-game-soundtrack)"",""khinsider_album_kind"":""official_or_gamerip"",""khinsider_album_match_score"":100.0,""relevance_score_100"":100.0,""popularity_score_100"":35.03822897251596,""score_100"":74.01529158900638,""popularity_basis"":""BeatHit master-list game rank plus track position proxy""}"
68,Skyscraper Mixed,Unknown credited artist,[],Ultimate Spider-Man: Total Mayhem (utimate-spider-man-total-mayhem-gamerip-2011-ios-android),,,"[""video game soundtrack""]","[""und""]",,,,Ultimate Spider-Man,,,khinsider_track_prominence_proxy,35.03822897251596,score_0_100,,,,74.01529158900638,,,,https://downloads.khinsider.com/game-soundtracks/album/utimate-spider-man-total-mayhem-gamerip-2011-ios-android,2026-10-05,Track title is taken from KHInsider's soundtrack/gamerip album index. Popularity is an explicitly labelled proxy based on BeatHit game rank and track prominence.,"{""culture_category"":""video_game_music"",""video_game"":""Ultimate Spider-Man"",""game_rank"":2444,""game_association_kind"":""khinsider_game_soundtrack"",""khinsider_album_url"":""https://downloads.khinsider.com/game-soundtracks/album/utimate-spider-man-total-mayhem-gamerip-2011-ios-android"",""khinsider_album_title"":""Ultimate Spider-Man: Total Mayhem (utimate-spider-man-total-mayhem-gamerip-2011-ios-android)"",""khinsider_album_kind"":""official_or_gamerip"",""khinsider_album_match_score"":100.0,""relevance_score_100"":100.0,""popularity_score_100"":35.03822897251596,""score_100"":74.01529158900638,""popularity_basis"":""BeatHit master-list game rank plus track position proxy""}"
69,Bank Heist,Unknown credited artist,[],Ultimate Spider-Man (ultimate-spider-man-gameboy-advance),,,"[""video game soundtrack""]","[""und""]",,,,Ultimate Spider-Man,,,khinsider_track_prominence_proxy,39.44822897251596,score_0_100,,,,73.97929158900638,,,,https://downloads.khinsider.com/game-soundtracks/album/ultimate-spider-man-gameboy-advance,2026-10-05,Track title is taken from KHInsider's soundtrack/gamerip album index. Popularity is an explicitly labelled proxy based on BeatHit game rank and track prominence.,"{""culture_category"":""video_game_music"",""video_game"":""Ultimate Spider-Man"",""game_rank"":2444,""game_association_kind"":""khinsider_game_soundtrack"",""khinsider_album_url"":""https://downloads.khinsider.com/game-soundtracks/album/ultimate-spider-man-gameboy-advance"",""khinsider_album_title"":""Ultimate Spider-Man (ultimate-spider-man-gameboy-advance)"",""khinsider_album_kind"":""unclassified_game_album"",""khinsider_album_match_score"":100.0,""relevance_score_100"":97.0,""popularity_score_100"":39.44822897251596,""score_100"":73.97929158900638,""popularity_basis"":""BeatHit master-list game rank plus track position proxy""}"
70,Track 7,Unknown credited artist,[],Ultimate Spider-Man (ultimate-spiderman-original-game-audio),,,"[""video game soundtrack""]","[""und""]",,,,Ultimate Spider-Man,,,khinsider_track_prominence_proxy,39.44822897251596,score_0_100,,,,73.97929158900638,,,,https://downloads.khinsider.com/game-soundtracks/album/ultimate-spiderman-original-game-audio,2026-10-05,Track title is taken from KHInsider's soundtrack/gamerip album index. Popularity is an explicitly labelled proxy based on BeatHit game rank and track prominence.,"{""culture_category"":""video_game_music"",""video_game"":""Ultimate Spider-Man"",""game_rank"":2444,""game_association_kind"":""khinsider_game_soundtrack"",""khinsider_album_url"":""https://downloads.khinsider.com/game-soundtracks/album/ultimate-spiderman-original-game-audio"",""khinsider_album_title"":""Ultimate Spider-Man (ultimate-spiderman-original-game-audio)"",""khinsider_album_kind"":""unclassified_game_album"",""khinsider_album_match_score"":100.0,""relevance_score_100"":97.0,""popularity_score_100"":39.44822897251596,""score_100"":73.97929158900638,""popularity_basis"":""BeatHit master-list game rank plus track position proxy""}"
71,Bonus USM City Mix 3,Unknown credited artist,[],Ultimate Spider-Man Original Game Soundtrack (ultimate-spider-man-original-game-soundtrack),,,"[""video game soundtrack""]","[""und""]",,,,Ultimate Spider-Man,,,khinsider_track_prominence_proxy,34.82822897251596,score_0_100,,,,73.93129158900638,,,,https://downloads.khinsider.com/game-soundtracks/album/ultimate-spider-man-original-game-soundtrack,2026-10-05,Track title is taken from KHInsider's soundtrack/gamerip album index. Popularity is an explicitly labelled proxy based on BeatHit game rank and track prominence.,"{""culture_category"":""video_game_music"",""video_game"":""Ultimate Spider-Man"",""game_rank"":2444,""game_association_kind"":""khinsider_game_soundtrack"",""khinsider_album_url"":""https://downloads.khinsider.com/game-soundtracks/album/ultimate-spider-man-original-game-soundtrack"",""khinsider_album_title"":""Ultimate Spider-Man Original Game Soundtrack (ultimate-spider-man-original-game-soundtrack)"",""khinsider_album_kind"":""official_or_gamerip"",""khinsider_album_match_score"":100.0,""relevance_score_100"":100.0,""popularity_score_100"":34.82822897251596,""score_100"":73.93129158900638,""popularity_basis"":""BeatHit master-list game rank plus track position proxy""}"
72,Boss Green Goblin,Unknown credited artist,[],Ultimate Spider-Man: Total Mayhem (utimate-spider-man-total-mayhem-gamerip-2011-ios-android),,,"[""video game soundtrack""]","[""und""]",,,,Ultimate Spider-Man,,,khinsider_track_prominence_proxy,34.82822897251596,score_0_100,,,,73.93129158900638,,,,https://downloads.khinsider.com/game-soundtracks/album/utimate-spider-man-total-mayhem-gamerip-2011-ios-android,2026-10-05,Track title is taken from KHInsider's soundtrack/gamerip album index. Popularity is an explicitly labelled proxy based on BeatHit game rank and track prominence.,"{""culture_category"":""video_game_music"",""video_game"":""Ultimate Spider-Man"",""game_rank"":2444,""game_association_kind"":""khinsider_game_soundtrack"",""khinsider_album_url"":""https://downloads.khinsider.com/game-soundtracks/album/utimate-spider-man-total-mayhem-gamerip-2011-ios-android"",""khinsider_album_title"":""Ultimate Spider-Man: Total Mayhem (utimate-spider-man-total-mayhem-gamerip-2011-ios-android)"",""khinsider_album_kind"":""official_or_gamerip"",""khinsider_album_match_score"":100.0,""relevance_score_100"":100.0,""popularity_score_100"":34.82822897251596,""score_100"":73.93129158900638,""popularity_basis"":""BeatHit master-list game rank plus track position proxy""}"
73,Vs. Silver Sable,Unknown credited artist,[],Ultimate Spider-Man (ultimate-spider-man-gameboy-advance),,,"[""video game soundtrack""]","[""und""]",,,,Ultimate Spider-Man,,,khinsider_track_prominence_proxy,39.238228972515955,score_0_100,,,,73.89529158900638,,,,https://downloads.khinsider.com/game-soundtracks/album/ultimate-spider-man-gameboy-advance,2026-10-05,Track title is taken from KHInsider's soundtrack/gamerip album index. Popularity is an explicitly labelled proxy based on BeatHit game rank and track prominence.,"{""culture_category"":""video_game_music"",""video_game"":""Ultimate Spider-Man"",""game_rank"":2444,""game_association_kind"":""khinsider_game_soundtrack"",""khinsider_album_url"":""https://downloads.khinsider.com/game-soundtracks/album/ultimate-spider-man-gameboy-advance"",""khinsider_album_title"":""Ultimate Spider-Man (ultimate-spider-man-gameboy-advance)"",""khinsider_album_kind"":""unclassified_game_album"",""khinsider_album_match_score"":100.0,""relevance_score_100"":97.0,""popularity_score_100"":39.238228972515955,""score_100"":73.89529158900638,""popularity_basis"":""BeatHit master-list game rank plus track position proxy""}"
74,Track 8,Unknown credited artist,[],Ultimate Spider-Man (ultimate-spiderman-original-game-audio),,,"[""video game soundtrack""]","[""und""]",,,,Ultimate Spider-Man,,,khinsider_track_prominence_proxy,39.238228972515955,score_0_100,,,,73.89529158900638,,,,https://downloads.khinsider.com/game-soundtracks/album/ultimate-spiderman-original-game-audio,2026-10-05,Track title is taken from KHInsider's soundtrack/gamerip album index. Popularity is an explicitly labelled proxy based on BeatHit game rank and track prominence.,"{""culture_category"":""video_game_music"",""video_game"":""Ultimate Spider-Man"",""game_rank"":2444,""game_association_kind"":""khinsider_game_soundtrack"",""khinsider_album_url"":""https://downloads.khinsider.com/game-soundtracks/album/ultimate-spiderman-original-game-audio"",""khinsider_album_title"":""Ultimate Spider-Man (ultimate-spiderman-original-game-audio)"",""khinsider_album_kind"":""unclassified_game_album"",""khinsider_album_match_score"":100.0,""relevance_score_100"":97.0,""popularity_score_100"":39.238228972515955,""score_100"":73.89529158900638,""popularity_basis"":""BeatHit master-list game rank plus track position proxy""}"
75,Bonus USM City Mix 4,Unknown credited artist,[],Ultimate Spider-Man Original Game Soundtrack (ultimate-spider-man-original-game-soundtrack),,,"[""video game soundtrack""]","[""und""]",,,,Ultimate Spider-Man,,,khinsider_track_prominence_proxy,34.618228972515965,score_0_100,,,,73.84729158900639,,,,https://downloads.khinsider.com/game-soundtracks/album/ultimate-spider-man-original-game-soundtrack,2026-10-05,Track title is taken from KHInsider's soundtrack/gamerip album index. Popularity is an explicitly labelled proxy based on BeatHit game rank and track prominence.,"{""culture_category"":""video_game_music"",""video_game"":""Ultimate Spider-Man"",""game_rank"":2444,""game_association_kind"":""khinsider_game_soundtrack"",""khinsider_album_url"":""https://downloads.khinsider.com/game-soundtracks/album/ultimate-spider-man-original-game-soundtrack"",""khinsider_album_title"":""Ultimate Spider-Man Original Game Soundtrack (ultimate-spider-man-original-game-soundtrack)"",""khinsider_album_kind"":""official_or_gamerip"",""khinsider_album_match_score"":100.0,""relevance_score_100"":100.0,""popularity_score_100"":34.618228972515965,""score_100"":73.84729158900639,""popularity_basis"":""BeatHit master-list game rank plus track position proxy""}"
76,Victory,Unknown credited artist,[],Ultimate Spider-Man: Total Mayhem (utimate-spider-man-total-mayhem-gamerip-2011-ios-android),,,"[""video game soundtrack""]","[""und""]",,,,Ultimate Spider-Man,,,khinsider_track_prominence_proxy,34.618228972515965,score_0_100,,,,73.84729158900639,,,,https://downloads.khinsider.com/game-soundtracks/album/utimate-spider-man-total-mayhem-gamerip-2011-ios-android,2026-10-05,Track title is taken from KHInsider's soundtrack/gamerip album index. Popularity is an explicitly labelled proxy based on BeatHit game rank and track prominence.,"{""culture_category"":""video_game_music"",""video_game"":""Ultimate Spider-Man"",""game_rank"":2444,""game_association_kind"":""khinsider_game_soundtrack"",""khinsider_album_url"":""https://downloads.khinsider.com/game-soundtracks/album/utimate-spider-man-total-mayhem-gamerip-2011-ios-android"",""khinsider_album_title"":""Ultimate Spider-Man: Total Mayhem (utimate-spider-man-total-mayhem-gamerip-2011-ios-android)"",""khinsider_album_kind"":""official_or_gamerip"",""khinsider_album_match_score"":100.0,""relevance_score_100"":100.0,""popularity_score_100"":34.618228972515965,""score_100"":73.84729158900639,""popularity_basis"":""BeatHit master-list game rank plus track position proxy""}"
77,Museum,Unknown credited artist,[],Ultimate Spider-Man (ultimate-spider-man-gameboy-advance),,,"[""video game soundtrack""]","[""und""]",,,,Ultimate Spider-Man,,,khinsider_track_prominence_proxy,39.02822897251596,score_0_100,,,,73.81129158900637,,,,https://downloads.khinsider.com/game-soundtracks/album/ultimate-spider-man-gameboy-advance,2026-10-05,Track title is taken from KHInsider's soundtrack/gamerip album index. Popularity is an explicitly labelled proxy based on BeatHit game rank and track prominence.,"{""culture_category"":""video_game_music"",""video_game"":""Ultimate Spider-Man"",""game_rank"":2444,""game_association_kind"":""khinsider_game_soundtrack"",""khinsider_album_url"":""https://downloads.khinsider.com/game-soundtracks/album/ultimate-spider-man-gameboy-advance"",""khinsider_album_title"":""Ultimate Spider-Man (ultimate-spider-man-gameboy-advance)"",""khinsider_album_kind"":""unclassified_game_album"",""khinsider_album_match_score"":100.0,""relevance_score_100"":97.0,""popularity_score_100"":39.02822897251596,""score_100"":73.81129158900637,""popularity_basis"":""BeatHit master-list game rank plus track position proxy""}"
78,Track 9,Unknown credited artist,[],Ultimate Spider-Man (ultimate-spiderman-original-game-audio),,,"[""video game soundtrack""]","[""und""]",,,,Ultimate Spider-Man,,,khinsider_track_prominence_proxy,39.02822897251596,score_0_100,,,,73.81129158900637,,,,https://downloads.khinsider.com/game-soundtracks/album/ultimate-spiderman-original-game-audio,2026-10-05,Track title is taken from KHInsider's soundtrack/gamerip album index. Popularity is an explicitly labelled proxy based on BeatHit game rank and track prominence.,"{""culture_category"":""video_game_music"",""video_game"":""Ultimate Spider-Man"",""game_rank"":2444,""game_association_kind"":""khinsider_game_soundtrack"",""khinsider_album_url"":""https://downloads.khinsider.com/game-soundtracks/album/ultimate-spiderman-original-game-audio"",""khinsider_album_title"":""Ultimate Spider-Man (ultimate-spiderman-original-game-audio)"",""khinsider_album_kind"":""unclassified_game_album"",""khinsider_album_match_score"":100.0,""relevance_score_100"":97.0,""popularity_score_100"":39.02822897251596,""score_100"":73.81129158900637,""popularity_basis"":""BeatHit master-list game rank plus track position proxy""}"
79,Ultimate Spider-Man Logo Theme,Unknown credited artist,[],Ultimate Spider-Man Original Game Soundtrack (ultimate-spider-man-original-game-soundtrack),,,"[""video game soundtrack""]","[""und""]",,,,Ultimate Spider-Man,,,khinsider_track_prominence_proxy,34.40822897251596,score_0_100,,,,73.76329158900639,,,,https://downloads.khinsider.com/game-soundtracks/album/ultimate-spider-man-original-game-soundtrack,2026-10-05,Track title is taken from KHInsider's soundtrack/gamerip album index. Popularity is an explicitly labelled proxy based on BeatHit game rank and track prominence.,"{""culture_category"":""video_game_music"",""video_game"":""Ultimate Spider-Man"",""game_rank"":2444,""game_association_kind"":""khinsider_game_soundtrack"",""khinsider_album_url"":""https://downloads.khinsider.com/game-soundtracks/album/ultimate-spider-man-original-game-soundtrack"",""khinsider_album_title"":""Ultimate Spider-Man Original Game Soundtrack (ultimate-spider-man-original-game-soundtrack)"",""khinsider_album_kind"":""official_or_gamerip"",""khinsider_album_match_score"":100.0,""relevance_score_100"":100.0,""popularity_score_100"":34.40822897251596,""score_100"":73.76329158900639,""popularity_basis"":""BeatHit master-list game rank plus track position proxy""}"
80,Score Screen,Unknown credited artist,[],Ultimate Spider-Man: Total Mayhem (utimate-spider-man-total-mayhem-gamerip-2011-ios-android),,,"[""video game soundtrack""]","[""und""]",,,,Ultimate Spider-Man,,,khinsider_track_prominence_proxy,34.40822897251596,score_0_100,,,,73.76329158900639,,,,https://downloads.khinsider.com/game-soundtracks/album/utimate-spider-man-total-mayhem-gamerip-2011-ios-android,2026-10-05,Track title is taken from KHInsider's soundtrack/gamerip album index. Popularity is an explicitly labelled proxy based on BeatHit game rank and track prominence.,"{""culture_category"":""video_game_music"",""video_game"":""Ultimate Spider-Man"",""game_rank"":2444,""game_association_kind"":""khinsider_game_soundtrack"",""khinsider_album_url"":""https://downloads.khinsider.com/game-soundtracks/album/utimate-spider-man-total-mayhem-gamerip-2011-ios-android"",""khinsider_album_title"":""Ultimate Spider-Man: Total Mayhem (utimate-spider-man-total-mayhem-gamerip-2011-ios-android)"",""khinsider_album_kind"":""official_or_gamerip"",""khinsider_album_match_score"":100.0,""relevance_score_100"":100.0,""popularity_score_100"":34.40822897251596,""score_100"":73.76329158900639,""popularity_basis"":""BeatHit master-list game rank plus track position proxy""}"
81,Museum Chase,Unknown credited artist,[],Ultimate Spider-Man (ultimate-spider-man-gameboy-advance),,,"[""video game soundtrack""]","[""und""]",,,,Ultimate Spider-Man,,,khinsider_track_prominence_proxy,38.81822897251596,score_0_100,,,,73.72729158900638,,,,https://downloads.khinsider.com/game-soundtracks/album/ultimate-spider-man-gameboy-advance,2026-10-05,Track title is taken from KHInsider's soundtrack/gamerip album index. Popularity is an explicitly labelled proxy based on BeatHit game rank and track prominence.,"{""culture_category"":""video_game_music"",""video_game"":""Ultimate Spider-Man"",""game_rank"":2444,""game_association_kind"":""khinsider_game_soundtrack"",""khinsider_album_url"":""https://downloads.khinsider.com/game-soundtracks/album/ultimate-spider-man-gameboy-advance"",""khinsider_album_title"":""Ultimate Spider-Man (ultimate-spider-man-gameboy-advance)"",""khinsider_album_kind"":""unclassified_game_album"",""khinsider_album_match_score"":100.0,""relevance_score_100"":97.0,""popularity_score_100"":38.81822897251596,""score_100"":73.72729158900638,""popularity_basis"":""BeatHit master-list game rank plus track position proxy""}"
82,Track 10,Unknown credited artist,[],Ultimate Spider-Man (ultimate-spiderman-original-game-audio),,,"[""video game soundtrack""]","[""und""]",,,,Ultimate Spider-Man,,,khinsider_track_prominence_proxy,38.81822897251596,score_0_100,,,,73.72729158900638,,,,https://downloads.khinsider.com/game-soundtracks/album/ultimate-spiderman-original-game-audio,2026-10-05,Track title is taken from KHInsider's soundtrack/gamerip album index. Popularity is an explicitly labelled proxy based on BeatHit game rank and track prominence.,"{""culture_category"":""video_game_music"",""video_game"":""Ultimate Spider-Man"",""game_rank"":2444,""game_association_kind"":""khinsider_game_soundtrack"",""khinsider_album_url"":""https://downloads.khinsider.com/game-soundtracks/album/ultimate-spiderman-original-game-audio"",""khinsider_album_title"":""Ultimate Spider-Man (ultimate-spiderman-original-game-audio)"",""khinsider_album_kind"":""unclassified_game_album"",""khinsider_album_match_score"":100.0,""relevance_score_100"":97.0,""popularity_score_100"":38.81822897251596,""score_100"":73.72729158900638,""popularity_basis"":""BeatHit master-list game rank plus track position proxy""}"
83,Midtown Fight,Unknown credited artist,[],Ultimate Spider-Man (ultimate-spider-man-gameboy-advance),,,"[""video game soundtrack""]","[""und""]",,,,Ultimate Spider-Man,,,khinsider_track_prominence_proxy,38.60822897251596,score_0_100,,,,73.64329158900638,,,,https://downloads.khinsider.com/game-soundtracks/album/ultimate-spider-man-gameboy-advance,2026-10-05,Track title is taken from KHInsider's soundtrack/gamerip album index. Popularity is an explicitly labelled proxy based on BeatHit game rank and track prominence.,"{""culture_category"":""video_game_music"",""video_game"":""Ultimate Spider-Man"",""game_rank"":2444,""game_association_kind"":""khinsider_game_soundtrack"",""khinsider_album_url"":""https://downloads.khinsider.com/game-soundtracks/album/ultimate-spider-man-gameboy-advance"",""khinsider_album_title"":""Ultimate Spider-Man (ultimate-spider-man-gameboy-advance)"",""khinsider_album_kind"":""unclassified_game_album"",""khinsider_album_match_score"":100.0,""relevance_score_100"":97.0,""popularity_score_100"":38.60822897251596,""score_100"":73.64329158900638,""popularity_basis"":""BeatHit master-list game rank plus track position proxy""}"
84,Track 11,Unknown credited artist,[],Ultimate Spider-Man (ultimate-spiderman-original-game-audio),,,"[""video game soundtrack""]","[""und""]",,,,Ultimate Spider-Man,,,khinsider_track_prominence_proxy,38.60822897251596,score_0_100,,,,73.64329158900638,,,,https://downloads.khinsider.com/game-soundtracks/album/ultimate-spiderman-original-game-audio,2026-10-05,Track title is taken from KHInsider's soundtrack/gamerip album index. Popularity is an explicitly labelled proxy based on BeatHit game rank and track prominence.,"{""culture_category"":""video_game_music"",""video_game"":""Ultimate Spider-Man"",""game_rank"":2444,""game_association_kind"":""khinsider_game_soundtrack"",""khinsider_album_url"":""https://downloads.khinsider.com/game-soundtracks/album/ultimate-spiderman-original-game-audio"",""khinsider_album_title"":""Ultimate Spider-Man (ultimate-spiderman-original-game-audio)"",""khinsider_album_kind"":""unclassified_game_album"",""khinsider_album_match_score"":100.0,""relevance_score_100"":97.0,""popularity_score_100"":38.60822897251596,""score_100"":73.64329158900638,""popularity_basis"":""BeatHit master-list game rank plus track position proxy""}"
85,Queensboro Bridge,Unknown credited artist,[],Ultimate Spider-Man (ultimate-spider-man-gameboy-advance),,,"[""video game soundtrack""]","[""und""]",,,,Ultimate Spider-Man,,,khinsider_track_prominence_proxy,38.39822897251596,score_0_100,,,,73.55929158900638,,,,https://downloads.khinsider.com/game-soundtracks/album/ultimate-spider-man-gameboy-advance,2026-10-05,Track title is taken from KHInsider's soundtrack/gamerip album index. Popularity is an explicitly labelled proxy based on BeatHit game rank and track prominence.,"{""culture_category"":""video_game_music"",""video_game"":""Ultimate Spider-Man"",""game_rank"":2444,""game_association_kind"":""khinsider_game_soundtrack"",""khinsider_album_url"":""https://downloads.khinsider.com/game-soundtracks/album/ultimate-spider-man-gameboy-advance"",""khinsider_album_title"":""Ultimate Spider-Man (ultimate-spider-man-gameboy-advance)"",""khinsider_album_kind"":""unclassified_game_album"",""khinsider_album_match_score"":100.0,""relevance_score_100"":97.0,""popularity_score_100"":38.39822897251596,""score_100"":73.55929158900638,""popularity_basis"":""BeatHit master-list game rank plus track position proxy""}"
86,Track 12,Unknown credited artist,[],Ultimate Spider-Man (ultimate-spiderman-original-game-audio),,,"[""video game soundtrack""]","[""und""]",,,,Ultimate Spider-Man,,,khinsider_track_prominence_proxy,38.39822897251596,score_0_100,,,,73.55929158900638,,,,https://downloads.khinsider.com/game-soundtracks/album/ultimate-spiderman-original-game-audio,2026-10-05,Track title is taken from KHInsider's soundtrack/gamerip album index. Popularity is an explicitly labelled proxy based on BeatHit game rank and track prominence.,"{""culture_category"":""video_game_music"",""video_game"":""Ultimate Spider-Man"",""game_rank"":2444,""game_association_kind"":""khinsider_game_soundtrack"",""khinsider_album_url"":""https://downloads.khinsider.com/game-soundtracks/album/ultimate-spiderman-original-game-audio"",""khinsider_album_title"":""Ultimate Spider-Man (ultimate-spiderman-original-game-audio)"",""khinsider_album_kind"":""unclassified_game_album"",""khinsider_album_match_score"":100.0,""relevance_score_100"":97.0,""popularity_score_100"":38.39822897251596,""score_100"":73.55929158900638,""popularity_basis"":""BeatHit master-list game rank plus track position proxy""}"
87,Queensboro Bridge Fight,Unknown credited artist,[],Ultimate Spider-Man (ultimate-spider-man-gameboy-advance),,,"[""video game soundtrack""]","[""und""]",,,,Ultimate Spider-Man,,,khinsider_track_prominence_proxy,38.18822897251596,score_0_100,,,,73.47529158900637,,,,https://downloads.khinsider.com/game-soundtracks/album/ultimate-spider-man-gameboy-advance,2026-10-05,Track title is taken from KHInsider's soundtrack/gamerip album index. Popularity is an explicitly labelled proxy based on BeatHit game rank and track prominence.,"{""culture_category"":""video_game_music"",""video_game"":""Ultimate Spider-Man"",""game_rank"":2444,""game_association_kind"":""khinsider_game_soundtrack"",""khinsider_album_url"":""https://downloads.khinsider.com/game-soundtracks/album/ultimate-spider-man-gameboy-advance"",""khinsider_album_title"":""Ultimate Spider-Man (ultimate-spider-man-gameboy-advance)"",""khinsider_album_kind"":""unclassified_game_album"",""khinsider_album_match_score"":100.0,""relevance_score_100"":97.0,""popularity_score_100"":38.18822897251596,""score_100"":73.47529158900637,""popularity_basis"":""BeatHit master-list game rank plus track position proxy""}"
88,Track 13,Unknown credited artist,[],Ultimate Spider-Man (ultimate-spiderman-original-game-audio),,,"[""video game soundtrack""]","[""und""]",,,,Ultimate Spider-Man,,,khinsider_track_prominence_proxy,38.18822897251596,score_0_100,,,,73.47529158900637,,,,https://downloads.khinsider.com/game-soundtracks/album/ultimate-spiderman-original-game-audio,2026-10-05,Track title is taken from KHInsider's soundtrack/gamerip album index. Popularity is an explicitly labelled proxy based on BeatHit game rank and track prominence.,"{""culture_category"":""video_game_music"",""video_game"":""Ultimate Spider-Man"",""game_rank"":2444,""game_association_kind"":""khinsider_game_soundtrack"",""khinsider_album_url"":""https://downloads.khinsider.com/game-soundtracks/album/ultimate-spiderman-original-game-audio"",""khinsider_album_title"":""Ultimate Spider-Man (ultimate-spiderman-original-game-audio)"",""khinsider_album_kind"":""unclassified_game_album"",""khinsider_album_match_score"":100.0,""relevance_score_100"":97.0,""popularity_score_100"":38.18822897251596,""score_100"":73.47529158900637,""popularity_basis"":""BeatHit master-list game rank plus track position proxy""}"
89,Vs. Carnage,Unknown credited artist,[],Ultimate Spider-Man (ultimate-spider-man-gameboy-advance),,,"[""video game soundtrack""]","[""und""]",,,,Ultimate Spider-Man,,,khinsider_track_prominence_proxy,37.978228972515964,score_0_100,,,,73.39129158900639,,,,https://downloads.khinsider.com/game-soundtracks/album/ultimate-spider-man-gameboy-advance,2026-10-05,Track title is taken from KHInsider's soundtrack/gamerip album index. Popularity is an explicitly labelled proxy based on BeatHit game rank and track prominence.,"{""culture_category"":""video_game_music"",""video_game"":""Ultimate Spider-Man"",""game_rank"":2444,""game_association_kind"":""khinsider_game_soundtrack"",""khinsider_album_url"":""https://downloads.khinsider.com/game-soundtracks/album/ultimate-spider-man-gameboy-advance"",""khinsider_album_title"":""Ultimate Spider-Man (ultimate-spider-man-gameboy-advance)"",""khinsider_album_kind"":""unclassified_game_album"",""khinsider_album_match_score"":100.0,""relevance_score_100"":97.0,""popularity_score_100"":37.978228972515964,""score_100"":73.39129158900639,""popularity_basis"":""BeatHit master-list game rank plus track position proxy""}"
90,Track 14,Unknown credited artist,[],Ultimate Spider-Man (ultimate-spiderman-original-game-audio),,,"[""video game soundtrack""]","[""und""]",,,,Ultimate Spider-Man,,,khinsider_track_prominence_proxy,37.978228972515964,score_0_100,,,,73.39129158900639,,,,https://downloads.khinsider.com/game-soundtracks/album/ultimate-spiderman-original-game-audio,2026-10-05,Track title is taken from KHInsider's soundtrack/gamerip album index. Popularity is an explicitly labelled proxy based on BeatHit game rank and track prominence.,"{""culture_category"":""video_game_music"",""video_game"":""Ultimate Spider-Man"",""game_rank"":2444,""game_association_kind"":""khinsider_game_soundtrack"",""khinsider_album_url"":""https://downloads.khinsider.com/game-soundtracks/album/ultimate-spiderman-original-game-audio"",""khinsider_album_title"":""Ultimate Spider-Man (ultimate-spiderman-original-game-audio)"",""khinsider_album_kind"":""unclassified_game_album"",""khinsider_album_match_score"":100.0,""relevance_score_100"":97.0,""popularity_score_100"":37.978228972515964,""score_100"":73.39129158900639,""popularity_basis"":""BeatHit master-list game rank plus track position proxy""}"
91,Trask Labs,Unknown credited artist,[],Ultimate Spider-Man (ultimate-spider-man-gameboy-advance),,,"[""video game soundtrack""]","[""und""]",,,,Ultimate Spider-Man,,,khinsider_track_prominence_proxy,37.768228972515956,score_0_100,,,,73.30729158900638,,,,https://downloads.khinsider.com/game-soundtracks/album/ultimate-spider-man-gameboy-advance,2026-10-05,Track title is taken from KHInsider's soundtrack/gamerip album index. Popularity is an explicitly labelled proxy based on BeatHit game rank and track prominence.,"{""culture_category"":""video_game_music"",""video_game"":""Ultimate Spider-Man"",""game_rank"":2444,""game_association_kind"":""khinsider_game_soundtrack"",""khinsider_album_url"":""https://downloads.khinsider.com/game-soundtracks/album/ultimate-spider-man-gameboy-advance"",""khinsider_album_title"":""Ultimate Spider-Man (ultimate-spider-man-gameboy-advance)"",""khinsider_album_kind"":""unclassified_game_album"",""khinsider_album_match_score"":100.0,""relevance_score_100"":97.0,""popularity_score_100"":37.768228972515956,""score_100"":73.30729158900638,""popularity_basis"":""BeatHit master-list game rank plus track position proxy""}"
92,Track 15,Unknown credited artist,[],Ultimate Spider-Man (ultimate-spiderman-original-game-audio),,,"[""video game soundtrack""]","[""und""]",,,,Ultimate Spider-Man,,,khinsider_track_prominence_proxy,37.768228972515956,score_0_100,,,,73.30729158900638,,,,https://downloads.khinsider.com/game-soundtracks/album/ultimate-spiderman-original-game-audio,2026-10-05,Track title is taken from KHInsider's soundtrack/gamerip album index. Popularity is an explicitly labelled proxy based on BeatHit game rank and track prominence.,"{""culture_category"":""video_game_music"",""video_game"":""Ultimate Spider-Man"",""game_rank"":2444,""game_association_kind"":""khinsider_game_soundtrack"",""khinsider_album_url"":""https://downloads.khinsider.com/game-soundtracks/album/ultimate-spiderman-original-game-audio"",""khinsider_album_title"":""Ultimate Spider-Man (ultimate-spiderman-original-game-audio)"",""khinsider_album_kind"":""unclassified_game_album"",""khinsider_album_match_score"":100.0,""relevance_score_100"":97.0,""popularity_score_100"":37.768228972515956,""score_100"":73.30729158900638,""popularity_basis"":""BeatHit master-list game rank plus track position proxy""}"
93,Cutscenes ~ Bad,Unknown credited artist,[],Ultimate Spider-Man (ultimate-spider-man-gameboy-advance),,,"[""video game soundtrack""]","[""und""]",,,,Ultimate Spider-Man,,,khinsider_track_prominence_proxy,37.55822897251596,score_0_100,,,,73.22329158900638,,,,https://downloads.khinsider.com/game-soundtracks/album/ultimate-spider-man-gameboy-advance,2026-10-05,Track title is taken from KHInsider's soundtrack/gamerip album index. Popularity is an explicitly labelled proxy based on BeatHit game rank and track prominence.,"{""culture_category"":""video_game_music"",""video_game"":""Ultimate Spider-Man"",""game_rank"":2444,""game_association_kind"":""khinsider_game_soundtrack"",""khinsider_album_url"":""https://downloads.khinsider.com/game-soundtracks/album/ultimate-spider-man-gameboy-advance"",""khinsider_album_title"":""Ultimate Spider-Man (ultimate-spider-man-gameboy-advance)"",""khinsider_album_kind"":""unclassified_game_album"",""khinsider_album_match_score"":100.0,""relevance_score_100"":97.0,""popularity_score_100"":37.55822897251596,""score_100"":73.22329158900638,""popularity_basis"":""BeatHit master-list game rank plus track position proxy""}"
94,Track 16,Unknown credited artist,[],Ultimate Spider-Man (ultimate-spiderman-original-game-audio),,,"[""video game soundtrack""]","[""und""]",,,,Ultimate Spider-Man,,,khinsider_track_prominence_proxy,37.55822897251596,score_0_100,,,,73.22329158900638,,,,https://downloads.khinsider.com/game-soundtracks/album/ultimate-spiderman-original-game-audio,2026-10-05,Track title is taken from KHInsider's soundtrack/gamerip album index. Popularity is an explicitly labelled proxy based on BeatHit game rank and track prominence.,"{""culture_category"":""video_game_music"",""video_game"":""Ultimate Spider-Man"",""game_rank"":2444,""game_association_kind"":""khinsider_game_soundtrack"",""khinsider_album_url"":""https://downloads.khinsider.com/game-soundtracks/album/ultimate-spiderman-original-game-audio"",""khinsider_album_title"":""Ultimate Spider-Man (ultimate-spiderman-original-game-audio)"",""khinsider_album_kind"":""unclassified_game_album"",""khinsider_album_match_score"":100.0,""relevance_score_100"":97.0,""popularity_score_100"":37.55822897251596,""score_100"":73.22329158900638,""popularity_basis"":""BeatHit master-list game rank plus track position proxy""}"
95,Cutscenes ~ Good,Unknown credited artist,[],Ultimate Spider-Man (ultimate-spider-man-gameboy-advance),,,"[""video game soundtrack""]","[""und""]",,,,Ultimate Spider-Man,,,khinsider_track_prominence_proxy,37.348228972515955,score_0_100,,,,73.13929158900638,,,,https://downloads.khinsider.com/game-soundtracks/album/ultimate-spider-man-gameboy-advance,2026-10-05,Track title is taken from KHInsider's soundtrack/gamerip album index. Popularity is an explicitly labelled proxy based on BeatHit game rank and track prominence.,"{""culture_category"":""video_game_music"",""video_game"":""Ultimate Spider-Man"",""game_rank"":2444,""game_association_kind"":""khinsider_game_soundtrack"",""khinsider_album_url"":""https://downloads.khinsider.com/game-soundtracks/album/ultimate-spider-man-gameboy-advance"",""khinsider_album_title"":""Ultimate Spider-Man (ultimate-spider-man-gameboy-advance)"",""khinsider_album_kind"":""unclassified_game_album"",""khinsider_album_match_score"":100.0,""relevance_score_100"":97.0,""popularity_score_100"":37.348228972515955,""score_100"":73.13929158900638,""popularity_basis"":""BeatHit master-list game rank plus track position proxy""}"
96,Track 17,Unknown credited artist,[],Ultimate Spider-Man (ultimate-spiderman-original-game-audio),,,"[""video game soundtrack""]","[""und""]",,,,Ultimate Spider-Man,,,khinsider_track_prominence_proxy,37.348228972515955,score_0_100,,,,73.13929158900638,,,,https://downloads.khinsider.com/game-soundtracks/album/ultimate-spiderman-original-game-audio,2026-10-05,Track title is taken from KHInsider's soundtrack/gamerip album index. Popularity is an explicitly labelled proxy based on BeatHit game rank and track prominence.,"{""culture_category"":""video_game_music"",""video_game"":""Ultimate Spider-Man"",""game_rank"":2444,""game_association_kind"":""khinsider_game_soundtrack"",""khinsider_album_url"":""https://downloads.khinsider.com/game-soundtracks/album/ultimate-spiderman-original-game-audio"",""khinsider_album_title"":""Ultimate Spider-Man (ultimate-spiderman-original-game-audio)"",""khinsider_album_kind"":""unclassified_game_album"",""khinsider_album_match_score"":100.0,""relevance_score_100"":97.0,""popularity_score_100"":37.348228972515955,""score_100"":73.13929158900638,""popularity_basis"":""BeatHit master-list game rank plus track position proxy""}"
97,Cutscenes ~ Revelation,Unknown credited artist,[],Ultimate Spider-Man (ultimate-spider-man-gameboy-advance),,,"[""video game soundtrack""]","[""und""]",,,,Ultimate Spider-Man,,,khinsider_track_prominence_proxy,37.13822897251596,score_0_100,,,,73.05529158900637,,,,https://downloads.khinsider.com/game-soundtracks/album/ultimate-spider-man-gameboy-advance,2026-10-05,Track title is taken from KHInsider's soundtrack/gamerip album index. Popularity is an explicitly labelled proxy based on BeatHit game rank and track prominence.,"{""culture_category"":""video_game_music"",""video_game"":""Ultimate Spider-Man"",""game_rank"":2444,""game_association_kind"":""khinsider_game_soundtrack"",""khinsider_album_url"":""https://downloads.khinsider.com/game-soundtracks/album/ultimate-spider-man-gameboy-advance"",""khinsider_album_title"":""Ultimate Spider-Man (ultimate-spider-man-gameboy-advance)"",""khinsider_album_kind"":""unclassified_game_album"",""khinsider_album_match_score"":100.0,""relevance_score_100"":97.0,""popularity_score_100"":37.13822897251596,""score_100"":73.05529158900637,""popularity_basis"":""BeatHit master-list game rank plus track position proxy""}"
98,Track 18,Unknown credited artist,[],Ultimate Spider-Man (ultimate-spiderman-original-game-audio),,,"[""video game soundtrack""]","[""und""]",,,,Ultimate Spider-Man,,,khinsider_track_prominence_proxy,37.13822897251596,score_0_100,,,,73.05529158900637,,,,https://downloads.khinsider.com/game-soundtracks/album/ultimate-spiderman-original-game-audio,2026-10-05,Track title is taken from KHInsider's soundtrack/gamerip album index. Popularity is an explicitly labelled proxy based on BeatHit game rank and track prominence.,"{""culture_category"":""video_game_music"",""video_game"":""Ultimate Spider-Man"",""game_rank"":2444,""game_association_kind"":""khinsider_game_soundtrack"",""khinsider_album_url"":""https://downloads.khinsider.com/game-soundtracks/album/ultimate-spiderman-original-game-audio"",""khinsider_album_title"":""Ultimate Spider-Man (ultimate-spiderman-original-game-audio)"",""khinsider_album_kind"":""unclassified_game_album"",""khinsider_album_match_score"":100.0,""relevance_score_100"":97.0,""popularity_score_100"":37.13822897251596,""score_100"":73.05529158900637,""popularity_basis"":""BeatHit master-list game rank plus track position proxy""}"
99,Spidey ~ Victory,Unknown credited artist,[],Ultimate Spider-Man (ultimate-spider-man-gameboy-advance),,,"[""video game soundtrack""]","[""und""]",,,,Ultimate Spider-Man,,,khinsider_track_prominence_proxy,36.92822897251597,score_0_100,,,,72.97129158900638,,,,https://downloads.khinsider.com/game-soundtracks/album/ultimate-spider-man-gameboy-advance,2026-10-05,Track title is taken from KHInsider's soundtrack/gamerip album index. Popularity is an explicitly labelled proxy based on BeatHit game rank and track prominence.,"{""culture_category"":""video_game_music"",""video_game"":""Ultimate Spider-Man"",""game_rank"":2444,""game_association_kind"":""khinsider_game_soundtrack"",""khinsider_album_url"":""https://downloads.khinsider.com/game-soundtracks/album/ultimate-spider-man-gameboy-advance"",""khinsider_album_title"":""Ultimate Spider-Man (ultimate-spider-man-gameboy-advance)"",""khinsider_album_kind"":""unclassified_game_album"",""khinsider_album_match_score"":100.0,""relevance_score_100"":97.0,""popularity_score_100"":36.92822897251597,""score_100"":72.97129158900638,""popularity_basis"":""BeatHit master-list game rank plus track position proxy""}"
100,Track 19,Unknown credited artist,[],Ultimate Spider-Man (ultimate-spiderman-original-game-audio),,,"[""video game soundtrack""]","[""und""]",,,,Ultimate Spider-Man,,,khinsider_track_prominence_proxy,36.92822897251597,score_0_100,,,,72.97129158900638,,,,https://downloads.khinsider.com/game-soundtracks/album/ultimate-spiderman-original-game-audio,2026-10-05,Track title is taken from KHInsider's soundtrack/gamerip album index. Popularity is an explicitly labelled proxy based on BeatHit game rank and track prominence.,"{""culture_category"":""video_game_music"",""video_game"":""Ultimate Spider-Man"",""game_rank"":2444,""game_association_kind"":""khinsider_game_soundtrack"",""khinsider_album_url"":""https://downloads.khinsider.com/game-soundtracks/album/ultimate-spiderman-original-game-audio"",""khinsider_album_title"":""Ultimate Spider-Man (ultimate-spiderman-original-game-audio)"",""khinsider_album_kind"":""unclassified_game_album"",""khinsider_album_match_score"":100.0,""relevance_score_100"":97.0,""popularity_score_100"":36.92822897251597,""score_100"":72.97129158900638,""popularity_basis"":""BeatHit master-list game rank plus track position proxy""}"
101,Spidey ~ Death,Unknown credited artist,[],Ultimate Spider-Man (ultimate-spider-man-gameboy-advance),,,"[""video game soundtrack""]","[""und""]",,,,Ultimate Spider-Man,,,khinsider_track_prominence_proxy,36.71822897251596,score_0_100,,,,72.88729158900638,,,,https://downloads.khinsider.com/game-soundtracks/album/ultimate-spider-man-gameboy-advance,2026-10-05,Track title is taken from KHInsider's soundtrack/gamerip album index. Popularity is an explicitly labelled proxy based on BeatHit game rank and track prominence.,"{""culture_category"":""video_game_music"",""video_game"":""Ultimate Spider-Man"",""game_rank"":2444,""game_association_kind"":""khinsider_game_soundtrack"",""khinsider_album_url"":""https://downloads.khinsider.com/game-soundtracks/album/ultimate-spider-man-gameboy-advance"",""khinsider_album_title"":""Ultimate Spider-Man (ultimate-spider-man-gameboy-advance)"",""khinsider_album_kind"":""unclassified_game_album"",""khinsider_album_match_score"":100.0,""relevance_score_100"":97.0,""popularity_score_100"":36.71822897251596,""score_100"":72.88729158900638,""popularity_basis"":""BeatHit master-list game rank plus track position proxy""}"
102,Track 20,Unknown credited artist,[],Ultimate Spider-Man (ultimate-spiderman-original-game-audio),,,"[""video game soundtrack""]","[""und""]",,,,Ultimate Spider-Man,,,khinsider_track_prominence_proxy,36.71822897251596,score_0_100,,,,72.88729158900638,,,,https://downloads.khinsider.com/game-soundtracks/album/ultimate-spiderman-original-game-audio,2026-10-05,Track title is taken from KHInsider's soundtrack/gamerip album index. Popularity is an explicitly labelled proxy based on BeatHit game rank and track prominence.,"{""culture_category"":""video_game_music"",""video_game"":""Ultimate Spider-Man"",""game_rank"":2444,""game_association_kind"":""khinsider_game_soundtrack"",""khinsider_album_url"":""https://downloads.khinsider.com/game-soundtracks/album/ultimate-spiderman-original-game-audio"",""khinsider_album_title"":""Ultimate Spider-Man (ultimate-spiderman-original-game-audio)"",""khinsider_album_kind"":""unclassified_game_album"",""khinsider_album_match_score"":100.0,""relevance_score_100"":97.0,""popularity_score_100"":36.71822897251596,""score_100"":72.88729158900638,""popularity_basis"":""BeatHit master-list game rank plus track position proxy""}"
103,Venom ~ Victory,Unknown credited artist,[],Ultimate Spider-Man (ultimate-spider-man-gameboy-advance),,,"[""video game soundtrack""]","[""und""]",,,,Ultimate Spider-Man,,,khinsider_track_prominence_proxy,36.508228972515965,score_0_100,,,,72.80329158900638,,,,https://downloads.khinsider.com/game-soundtracks/album/ultimate-spider-man-gameboy-advance,2026-10-05,Track title is taken from KHInsider's soundtrack/gamerip album index. Popularity is an explicitly labelled proxy based on BeatHit game rank and track prominence.,"{""culture_category"":""video_game_music"",""video_game"":""Ultimate Spider-Man"",""game_rank"":2444,""game_association_kind"":""khinsider_game_soundtrack"",""khinsider_album_url"":""https://downloads.khinsider.com/game-soundtracks/album/ultimate-spider-man-gameboy-advance"",""khinsider_album_title"":""Ultimate Spider-Man (ultimate-spider-man-gameboy-advance)"",""khinsider_album_kind"":""unclassified_game_album"",""khinsider_album_match_score"":100.0,""relevance_score_100"":97.0,""popularity_score_100"":36.508228972515965,""score_100"":72.80329158900638,""popularity_basis"":""BeatHit master-list game rank plus track position proxy""}"
104,Venom ~ Death,Unknown credited artist,[],Ultimate Spider-Man (ultimate-spider-man-gameboy-advance),,,"[""video game soundtrack""]","[""und""]",,,,Ultimate Spider-Man,,,khinsider_track_prominence_proxy,36.29822897251596,score_0_100,,,,72.71929158900637,,,,https://downloads.khinsider.com/game-soundtracks/album/ultimate-spider-man-gameboy-advance,2026-10-05,Track title is taken from KHInsider's soundtrack/gamerip album index. Popularity is an explicitly labelled proxy based on BeatHit game rank and track prominence.,"{""culture_category"":""video_game_music"",""video_game"":""Ultimate Spider-Man"",""game_rank"":2444,""game_association_kind"":""khinsider_game_soundtrack"",""khinsider_album_url"":""https://downloads.khinsider.com/game-soundtracks/album/ultimate-spider-man-gameboy-advance"",""khinsider_album_title"":""Ultimate Spider-Man (ultimate-spider-man-gameboy-advance)"",""khinsider_album_kind"":""unclassified_game_album"",""khinsider_album_match_score"":100.0,""relevance_score_100"":97.0,""popularity_score_100"":36.29822897251596,""score_100"":72.71929158900637,""popularity_basis"":""BeatHit master-list game rank plus track position proxy""}"
